4096
5.06537342375755e-03
5.07475111640187e-03
5.08413381168598e-03
5.09352150236984e-03
5.10291418120313e-03
5.11231184092645e-03
5.12171447427093e-03
5.13112207395831e-03
5.14053463270095e-03
5.14995214320198e-03
5.15937459815514e-03
5.16880199024484e-03
5.17823431214611e-03
5.18767155652477e-03
5.19711371603722e-03
5.20656078333062e-03
5.21601275104291e-03
5.22546961180265e-03
5.23493135822919e-03
5.24439798293258e-03
5.25386947851362e-03
5.26334583756388e-03
5.27282705266566e-03
5.28231311639202e-03
5.29180402130683e-03
5.30129975996475e-03
5.31080032491119e-03
5.32030570868239e-03
5.32981590380539e-03
5.33933090279808e-03
5.34885069816912e-03
5.35837528241804e-03
5.36790464803521e-03
5.37743878750185e-03
5.38697769329003e-03
5.39652135786268e-03
5.40606977367364e-03
5.41562293316757e-03
5.42518082878011e-03
5.43474345293771e-03
5.44431079805778e-03
5.45388285654863e-03
5.46345962080953e-03
5.47304108323065e-03
5.48262723619310e-03
5.49221807206897e-03
5.50181358322131e-03
5.51141376200411e-03
5.52101860076235e-03
5.53062809183202e-03
5.54024222754009e-03
5.54986100020452e-03
5.55948440213430e-03
5.56911242562942e-03
5.57874506298092e-03
5.58838230647087e-03
5.59802414837241e-03
5.60767058094968e-03
5.61732159645795e-03
5.62697718714350e-03
5.63663734524375e-03
5.64630206298718e-03
5.65597133259336e-03
5.66564514627300e-03
5.67532349622789e-03
5.68500637465100e-03
5.69469377372637e-03
5.70438568562923e-03
5.71408210252595e-03
5.72378301657406e-03
5.73348841992227e-03
5.74319830471046e-03
5.75291266306967e-03
5.76263148712219e-03
5.77235476898149e-03
5.78208250075226e-03
5.79181467453042e-03
5.80155128240311e-03
5.81129231644873e-03
5.82103776873692e-03
5.83078763132860e-03
5.84054189627594e-03
5.85030055562239e-03
5.86006360140271e-03
5.86983102564293e-03
5.87960282036040e-03
5.88937897756377e-03
5.89915948925303e-03
5.90894434741952e-03
5.91873354404589e-03
5.92852707110618e-03
5.93832492056576e-03
5.94812708438138e-03
5.95793355450120e-03
5.96774432286471e-03
5.97755938140286e-03
5.98737872203799e-03
5.99720233668384e-03
6.00703021724559e-03
6.01686235561988e-03
6.02669874369475e-03
6.03653937334973e-03
6.04638423645580e-03
6.05623332487542e-03
6.06608663046254e-03
6.07594414506260e-03
6.08580586051253e-03
6.09567176864079e-03
6.10554186126734e-03
6.11541613020371e-03
6.12529456725293e-03
6.13517716420962e-03
6.14506391285993e-03
6.15495480498159e-03
6.16484983234391e-03
6.17474898670778e-03
6.18465225982572e-03
6.19455964344183e-03
6.20447112929185e-03
6.21438670910311e-03
6.22430637459462e-03
6.23423011747701e-03
6.24415792945259e-03
6.25408980221533e-03
6.26402572745086e-03
6.27396569683651e-03
6.28390970204131e-03
6.29385773472599e-03
6.30380978654300e-03
6.31376584913652e-03
6.32372591414246e-03
6.33368997318847e-03
6.34365801789396e-03
6.35363003987011e-03
6.36360603071987e-03
6.37358598203798e-03
6.38356988541098e-03
6.39355773241720e-03
6.40354951462680e-03
6.41354522360175e-03
6.42354485089589e-03
6.43354838805486e-03
6.44355582661619e-03
6.45356715810926e-03
6.46358237405533e-03
6.47360146596754e-03
6.48362442535094e-03
6.49365124370247e-03
6.50368191251099e-03
6.51371642325729e-03
6.52375476741410e-03
6.53379693644608e-03
6.54384292180987e-03
6.55389271495407e-03
6.56394630731923e-03
6.57400369033793e-03
6.58406485543473e-03
6.59412979402620e-03
6.60419849752090e-03
6.61427095731947e-03
6.62434716481456e-03
6.63442711139086e-03
6.64451078842514e-03
6.65459818728624e-03
6.66468929933506e-03
6.67478411592461e-03
6.68488262839998e-03
6.69498482809840e-03
6.70509070634921e-03
6.71520025447387e-03
6.72531346378600e-03
6.73543032559138e-03
6.74555083118792e-03
6.75567497186574e-03
6.76580273890712e-03
6.77593412358656e-03
6.78606911717073e-03
6.79620771091855e-03
6.80634989608116e-03
6.81649566390193e-03
6.82664500561649e-03
6.83679791245270e-03
6.84695437563073e-03
6.85711438636299e-03
6.86727793585421e-03
6.87744501530142e-03
6.88761561589395e-03
6.89778972881346e-03
6.90796734523394e-03
6.91814845632174e-03
6.92833305323553e-03
6.93852112712639e-03
6.94871266913773e-03
6.95890767040540e-03
6.96910612205759e-03
6.97930801521495e-03
6.98951334099052e-03
6.99972209048979e-03
7.00993425481067e-03
7.02014982504354e-03
7.03036879227124e-03
7.04059114756907e-03
7.05081688200484e-03
7.06104598663884e-03
7.07127845252387e-03
7.08151427070525e-03
7.09175343222083e-03
7.10199592810099e-03
7.11224174936866e-03
7.12249088703937e-03
7.13274333212116e-03
7.14299907561472e-03
7.15325810851328e-03
7.16352042180271e-03
7.17378600646149e-03
7.18405485346071e-03
7.19432695376413e-03
7.20460229832813e-03
7.21488087810179e-03
7.22516268402682e-03
7.23544770703765e-03
7.24573593806137e-03
7.25602736801782e-03
7.26632198781951e-03
7.27661978837172e-03
7.28692076057244e-03
7.29722489531244e-03
7.30753218347523e-03
7.31784261593710e-03
7.32815618356712e-03
7.33847287722717e-03
7.34879268777192e-03
7.35911560604888e-03
7.36944162289837e-03
7.37977072915358e-03
7.39010291564052e-03
7.40043817317808e-03
7.41077649257802e-03
7.42111786464500e-03
7.43146228017657e-03
7.44180972996319e-03
7.45216020478825e-03
7.46251369542806e-03
7.47287019265188e-03
7.48322968722194e-03
7.49359216989342e-03
7.50395763141447e-03
7.51432606252627e-03
7.52469745396295e-03
7.53507179645170e-03
7.54544908071271e-03
7.55582929745921e-03
7.56621243739749e-03
7.57659849122689e-03
7.58698744963981e-03
7.59737930332176e-03
7.60777404295132e-03
7.61817165920020e-03
7.62857214273321e-03
7.63897548420830e-03
7.64938167427656e-03
7.65979070358222e-03
7.67020256276271e-03
7.68061724244859e-03
7.69103473326364e-03
7.70145502582484e-03
7.71187811074237e-03
7.72230397861964e-03
7.73273262005329e-03
7.74316402563322e-03
7.75359818594257e-03
7.76403509155778e-03
7.77447473304854e-03
7.78491710097786e-03
7.79536218590205e-03
7.80580997837073e-03
7.81626046892686e-03
7.82671364810675e-03
7.83716950644004e-03
7.84762803444976e-03
7.85808922265230e-03
7.86855306155746e-03
7.87901954166842e-03
7.88948865348179e-03
7.89996038748761e-03
7.91043473416934e-03
7.92091168400391e-03
7.93139122746169e-03
7.94187335500655e-03
7.95235805709584e-03
7.96284532418039e-03
7.97333514670456e-03
7.98382751510623e-03
7.99432241981680e-03
8.00481985126124e-03
8.01531979985807e-03
8.02582225601937e-03
8.03632721015082e-03
8.04683465265169e-03
8.05734457391484e-03
8.06785696432679e-03
8.07837181426766e-03
8.08888911411121e-03
8.09940885422488e-03
8.10993102496977e-03
8.12045561670067e-03
8.13098261976603e-03
8.14151202450805e-03
8.15204382126262e-03
8.16257800035937e-03
8.17311455212168e-03
8.18365346686666e-03
8.19419473490522e-03
8.20473834654202e-03
8.21528429207554e-03
8.22583256179804e-03
8.23638314599561e-03
8.24693603494817e-03
8.25749121892948e-03
8.26804868820715e-03
8.27860843304266e-03
8.28917044369137e-03
8.29973471040254e-03
8.31030122341931e-03
8.32086997297876e-03
8.33144094931189e-03
8.34201414264365e-03
8.35258954319291e-03
8.36316714117255e-03
8.37374692678942e-03
8.38432889024434e-03
8.39491302173215e-03
8.40549931144172e-03
8.41608774955593e-03
8.42667832625170e-03
8.43727103170001e-03
8.44786585606592e-03
8.45846278950856e-03
8.46906182218115e-03
8.47966294423102e-03
8.49026614579961e-03
8.50087141702250e-03
8.51147874802941e-03
8.52208812894423e-03
8.53269954988498e-03
8.54331300096391e-03
8.55392847228743e-03
8.56454595395617e-03
8.57516543606498e-03
8.58578690870294e-03
8.59641036195338e-03
8.60703578589389e-03
8.61766317059632e-03
8.62829250612682e-03
8.63892378254582e-03
8.64955698990807e-03
8.66019211826263e-03
8.67082915765293e-03
8.68146809811669e-03
8.69210892968605e-03
8.70275164238749e-03
8.71339622624189e-03
8.72404267126452e-03
8.73469096746507e-03
8.74534110484765e-03
8.75599307341082e-03
8.76664686314759e-03
8.77730246404542e-03
8.78795986608626e-03
8.79861905924655e-03
8.80928003349723e-03
8.81994277880376e-03
8.83060728512613e-03
8.84127354241887e-03
8.85194154063106e-03
8.86261126970636e-03
8.87328271958302e-03
8.88395588019386e-03
8.89463074146633e-03
8.90530729332249e-03
8.91598552567904e-03
8.92666542844732e-03
8.93734699153335e-03
8.94803020483780e-03
8.95871505825605e-03
8.96940154167816e-03
8.98008964498890e-03
8.99077935806780e-03
9.00147067078910e-03
9.01216357302180e-03
9.02285805462966e-03
9.03355410547124e-03
9.04425171539987e-03
9.05495087426370e-03
9.06565157190570e-03
9.07635379816366e-03
9.08705754287023e-03
9.09776279585291e-03
9.10846954693408e-03
9.11917778593101e-03
9.12988750265584e-03
9.14059868691566e-03
9.15131132851247e-03
9.16202541724321e-03
9.17274094289977e-03
9.18345789526901e-03
9.19417626413276e-03
9.20489603926786e-03
9.21561721044615e-03
9.22633976743447e-03
9.23706369999472e-03
9.24778899788384e-03
9.25851565085383e-03
9.26924364865176e-03
9.27997298101978e-03
9.29070363769514e-03
9.30143560841023e-03
9.31216888289254e-03
9.32290345086472e-03
9.33363930204455e-03
9.34437642614500e-03
9.35511481287422e-03
9.36585445193554e-03
9.37659533302752e-03
9.38733744584392e-03
9.39808078007375e-03
9.40882532540127e-03
9.41957107150600e-03
9.43031800806274e-03
9.44106612474156e-03
9.45181541120787e-03
9.46256585712238e-03
9.47331745214112e-03
9.48407018591547e-03
9.49482404809219e-03
9.50557902831340e-03
9.51633511621657e-03
9.52709230143463e-03
9.53785057359589e-03
9.54860992232408e-03
9.55937033723840e-03
9.57013180795349e-03
9.58089432407945e-03
9.59165787522186e-03
9.60242245098182e-03
9.61318804095592e-03
9.62395463473627e-03
9.63472222191054e-03
9.64549079206193e-03
9.65626033476922e-03
9.66703083960674e-03
9.67780229614445e-03
9.68857469394790e-03
9.69934802257825e-03
9.71012227159231e-03
9.72089743054253e-03
9.73167348897703e-03
9.74245043643959e-03
9.75322826246969e-03
9.76400695660252e-03
9.77478650836897e-03
9.78556690729568e-03
9.79634814290504e-03
9.80713020471517e-03
9.81791308223998e-03
9.82869676498918e-03
9.83948124246826e-03
9.85026650417853e-03
9.86105253961714e-03
9.87183933827707e-03
9.88262688964718e-03
9.89341518321216e-03
9.90420420845262e-03
9.91499395484507e-03
9.92578441186191e-03
9.93657556897149e-03
9.94736741563808e-03
9.95815994132193e-03
9.96895313547923e-03
9.97974698756219e-03
9.99054148701898e-03
1.00013366232938e-02
1.00121323858269e-02
1.00229287640545e-02
1.00337257474090e-02
1.00445233253187e-02
1.00553214872081e-02
1.00661202224978e-02
1.00769195206045e-02
1.00877193709409e-02
1.00985197629160e-02
1.01093206859349e-02
1.01201221293989e-02
1.01309240827054e-02
1.01417265352480e-02
1.01525294764167e-02
1.01633328955974e-02
1.01741367821724e-02
1.01849411255205e-02
1.01957459150163e-02
1.02065511400311e-02
1.02173567899321e-02
1.02281628540833e-02
1.02389693218444e-02
1.02497761825721e-02
1.02605834256190e-02
1.02713910403342e-02
1.02821990160632e-02
1.02930073421478e-02
1.03038160079265e-02
1.03146250027338e-02
1.03254343159010e-02
1.03362439367556e-02
1.03470538546218e-02
1.03578640588201e-02
1.03686745386675e-02
1.03794852834776e-02
1.03902962825605e-02
1.04011075252228e-02
1.04119190007677e-02
1.04227306984951e-02
1.04335426077011e-02
1.04443547176787e-02
1.04551670177175e-02
1.04659794971037e-02
1.04767921451200e-02
1.04876049510460e-02
1.04984179041577e-02
1.05092309937279e-02
1.05200442090263e-02
1.05308575393190e-02
1.05416709738690e-02
1.05524845019360e-02
1.05632981127764e-02
1.05741117956434e-02
1.05849255397872e-02
1.05957393344544e-02
1.06065531688887e-02
1.06173670323307e-02
1.06281809140175e-02
1.06389948031833e-02
1.06498086890592e-02
1.06606225608731e-02
1.06714364078498e-02
1.06822502192111e-02
1.06930639841756e-02
1.07038776919589e-02
1.07146913317736e-02
1.07255048928293e-02
1.07363183643325e-02
1.07471317354868e-02
1.07579449954926e-02
1.07687581335477e-02
1.07795711388466e-02
1.07903840005812e-02
1.08011967079400e-02
1.08120092501091e-02
1.08228216162715e-02
1.08336337956072e-02
1.08444457772934e-02
1.08552575505047e-02
1.08660691044125e-02
1.08768804281856e-02
1.08876915109899e-02
1.08985023419886e-02
1.09093129103420e-02
1.09201232052079e-02
1.09309332157409e-02
1.09417429310934e-02
1.09525523404146e-02
1.09633614328514e-02
1.09741701975477e-02
1.09849786236449e-02
1.09957867002817e-02
1.10065944165942e-02
1.10174017617159e-02
1.10282087247775e-02
1.10390152949073e-02
1.10498214612308e-02
1.10606272128713e-02
1.10714325389492e-02
1.10822374285825e-02
1.10930418708866e-02
1.11038458549745e-02
1.11146493699568e-02
1.11254524049412e-02
1.11362549490334e-02
1.11470569913365e-02
1.11578585209510e-02
1.11686595269753e-02
1.11794599985050e-02
1.11902599246336e-02
1.12010592944521e-02
1.12118580970493e-02
1.12226563215115e-02
1.12334539569227e-02
1.12442509923646e-02
1.12550474169165e-02
1.12658432196557e-02
1.12766383896568e-02
1.12874329159927e-02
1.12982267877334e-02
1.13090199939473e-02
1.13198125237002e-02
1.13306043660559e-02
1.13413955100757e-02
1.13521859448193e-02
1.13629756593436e-02
1.13737646427040e-02
1.13845528839532e-02
1.13953403721422e-02
1.14061270963197e-02
1.14169130455325e-02
1.14276982088252e-02
1.14384825752403e-02
1.14492661338185e-02
1.14600488735982e-02
1.14708307836161e-02
1.14816118529066e-02
1.14923920705025e-02
1.15031714254342e-02
1.15139499067306e-02
1.15247275034184e-02
1.15355042045224e-02
1.15462799990657e-02
1.15570548760693e-02
1.15678288245525e-02
1.15786018335326e-02
1.15893738920252e-02
1.16001449890441e-02
1.16109151136010e-02
1.16216842547063e-02
1.16324524013682e-02
1.16432195425933e-02
1.16539856673865e-02
1.16647507647510e-02
1.16755148236882e-02
1.16862778331977e-02
1.16970397822777e-02
1.17078006599245e-02
1.17185604551329e-02
1.17293191568958e-02
1.17400767542049e-02
1.17508332360499e-02
1.17615885914191e-02
1.17723428092992e-02
1.17830958786754e-02
1.17938477885312e-02
1.18045985278487e-02
1.18153480856084e-02
1.18260964507894e-02
1.18368436123692e-02
1.18475895593239e-02
1.18583342806282e-02
1.18690777652552e-02
1.18798200021767e-02
1.18905609803631e-02
1.19013006887834e-02
1.19120391164051e-02
1.19227762521944e-02
1.19335120851163e-02
1.19442466041344e-02
1.19549797982107e-02
1.19657116563063e-02
1.19764421673808e-02
1.19871713203926e-02
1.19978991042988e-02
1.20086255080553e-02
1.20193505206167e-02
1.20300741309365e-02
1.20407963279670e-02
1.20515171006591e-02
1.20622364379629e-02
1.20729543288270e-02
1.20836707621991e-02
1.20943857270258e-02
1.21050992122523e-02
1.21158112068231e-02
1.21265216996814e-02
1.21372306797693e-02
1.21479381360281e-02
1.21586440573978e-02
1.21693484328175e-02
1.21800512512255e-02
1.21907525015588e-02
1.22014521727535e-02
1.22121502537450e-02
1.22228467334676e-02
1.22335416008545e-02
1.22442348448383e-02
1.22549264543505e-02
1.22656164183220e-02
1.22763047256824e-02
1.22869913653609e-02
1.22976763262857e-02
1.23083595973841e-02
1.23190411675827e-02
1.23297210258073e-02
1.23403991609830e-02
1.23510755620340e-02
1.23617502178839e-02
1.23724231174557e-02
1.23830942496713e-02
1.23937636034523e-02
1.24044311677194e-02
1.24150969313928e-02
1.24257608833920e-02
1.24364230126358e-02
1.24470833080424e-02
1.24577417585296e-02
1.24683983530145e-02
1.24790530804134e-02
1.24897059296425e-02
1.25003568896171e-02
1.25110059492522e-02
1.25216530974622e-02
1.25322983231610e-02
1.25429416152621e-02
1.25535829626785e-02
1.25642223543227e-02
1.25748597791070e-02
1.25854952259430e-02
1.25961286837421e-02
1.26067601414153e-02
1.26173895878731e-02
1.26280170120259e-02
1.26386424027835e-02
1.26492657490556e-02
1.26598870397515e-02
1.26705062637802e-02
1.26811234100504e-02
1.26917384674708e-02
1.27023514249495e-02
1.27129622713946e-02
1.27235709957139e-02
1.27341775868151e-02
1.27447820336058e-02
1.27553843249930e-02
1.27659844498842e-02
1.27765823971862e-02
1.27871781558060e-02
1.27977717146505e-02
1.28083630626264e-02
1.28189521886403e-02
1.28295390815990e-02
1.28401237304089e-02
1.28507061239768e-02
1.28612862512090e-02
1.28718641010123e-02
1.28824396622932e-02
1.28930129239584e-02
1.29035838749146e-02
1.29141525040685e-02
1.29247188003271e-02
1.29352827525973e-02
1.29458443497862e-02
1.29564035808010e-02
1.29669604345491e-02
1.29775148999381e-02
1.29880669658756e-02
1.29986166212697e-02
1.30091638550284e-02
1.30197086560601e-02
1.30302510132735e-02
1.30407909155774e-02
1.30513283518810e-02
1.30618633110936e-02
1.30723957821252e-02
1.30829257538856e-02
1.30934532152854e-02
1.31039781552353e-02
1.31145005626464e-02
1.31250204264303e-02
1.31355377354988e-02
1.31460524787644e-02
1.31565646451397e-02
1.31670742235381e-02
1.31775812028731e-02
1.31880855720590e-02
1.31985873200103e-02
1.32090864356423e-02
1.32195829078706e-02
1.32300767256115e-02
1.32405678777818e-02
1.32510563532988e-02
1.32615421410804e-02
1.32720252300452e-02
1.32825056091124e-02
1.32929832672019e-02
1.33034581932339e-02
1.33139303761297e-02
1.33243998048111e-02
1.33348664682005e-02
1.33453303552213e-02
1.33557914547973e-02
1.33662497558532e-02
1.33767052473144e-02
1.33871579181073e-02
1.33976077571588e-02
1.34080547533967e-02
1.34184988957497e-02
1.34289401731472e-02
1.34393785745197e-02
1.34498140887983e-02
1.34602467049151e-02
1.34706764118030e-02
1.34811031983961e-02
1.34915270536292e-02
1.35019479664380e-02
1.35123659257592e-02
1.35227809205308e-02
1.35331929396912e-02
1.35436019721804e-02
1.35540080069391e-02
1.35644110329090e-02
1.35748110390331e-02
1.35852080142552e-02
1.35956019475204e-02
1.36059928277749e-02
1.36163806439659e-02
1.36267653850417e-02
1.36371470399519e-02
1.36475255976473e-02
1.36579010470796e-02
1.36682733772021e-02
1.36786425769689e-02
1.36890086353357e-02
1.36993715412591e-02
1.37097312836973e-02
1.37200878516095e-02
1.37304412339564e-02
1.37407914196998e-02
1.37511383978031e-02
1.37614821572307e-02
1.37718226869486e-02
1.37821599759242e-02
1.37924940131260e-02
1.38028247875242e-02
1.38131522880903e-02
1.38234765037973e-02
1.38337974236194e-02
1.38441150365327e-02
1.38544293315143e-02
1.38647402975432e-02
1.38750479235997e-02
1.38853521986657e-02
1.38956531117245e-02
1.39059506517611e-02
1.39162448077621e-02
1.39265355687157e-02
1.39368229236115e-02
1.39471068614409e-02
1.39573873711969e-02
1.39676644418742e-02
1.39779380624690e-02
1.39882082219795e-02
1.39984749094052e-02
1.40087381137476e-02
1.40189978240099e-02
1.40292540291969e-02
1.40395067183153e-02
1.40497558803736e-02
1.40600015043818e-02
1.40702435793522e-02
1.40804820942985e-02
1.40907170382365e-02
1.41009484001837e-02
1.41111761691595e-02
1.41214003341852e-02
1.41316208842841e-02
1.41418378084813e-02
1.41520510958039e-02
1.41622607352809e-02
1.41724667159432e-02
1.41826690268239e-02
1.41928676569579e-02
1.42030625953821e-02
1.42132538311356e-02
1.42234413532595e-02
1.42336251507968e-02
1.42438052127926e-02
1.42539815282944e-02
1.42641540863514e-02
1.42743228760152e-02
1.42844878863394e-02
1.42946491063797e-02
1.43048065251942e-02
1.43149601318429e-02
1.43251099153883e-02
1.43352558648948e-02
1.43453979694293e-02
1.43555362180608e-02
1.43656705998606e-02
1.43758011039023e-02
1.43859277192617e-02
1.43960504350170e-02
1.44061692402487e-02
1.44162841240397e-02
1.44263950754751e-02
1.44365020836426e-02
1.44466051376320e-02
1.44567042265358e-02
1.44667993394487e-02
1.44768904654679e-02
1.44869775936931e-02
1.44970607132264e-02
1.45071398131725e-02
1.45172148826384e-02
1.45272859107337e-02
1.45373528865706e-02
1.45474157992638e-02
1.45574746379304e-02
1.45675293916905e-02
1.45775800496663e-02
1.45876266009828e-02
1.45976690347677e-02
1.46077073401513e-02
1.46177415062665e-02
1.46277715222489e-02
1.46377973772367e-02
1.46478190603710e-02
1.46578365607953e-02
1.46678498676562e-02
1.46778589701028e-02
1.46878638572871e-02
1.46978645183637e-02
1.47078609424900e-02
1.47178531188266e-02
1.47278410365363e-02
1.47378246847853e-02
1.47478040527423e-02
1.47577791295790e-02
1.47677499044700e-02
1.47777163665927e-02
1.47876785051276e-02
1.47976363092580e-02
1.48075897681701e-02
1.48175388710532e-02
1.48274836070995e-02
1.48374239655042e-02
1.48473599354654e-02
1.48572915061846e-02
1.48672186668658e-02
1.48771414067166e-02
1.48870597149472e-02
1.48969735807711e-02
1.49068829934051e-02
1.49167879420687e-02
1.49266884159849e-02
1.49365844043796e-02
1.49464758964820e-02
1.49563628815244e-02
1.49662453487424e-02
1.49761232873748e-02
1.49859966866635e-02
1.49958655358537e-02
1.50057298241939e-02
1.50155895409359e-02
1.50254446753346e-02
1.50352952166485e-02
1.50451411541392e-02
1.50549824770717e-02
1.50648191747144e-02
1.50746512363389e-02
1.50844786512203e-02
1.50943014086372e-02
1.51041194978714e-02
1.51139329082082e-02
1.51237416289365e-02
1.51335456493485e-02
1.51433449587399e-02
1.51531395464098e-02
1.51629294016610e-02
1.51727145137996e-02
1.51824948721355e-02
1.51922704659819e-02
1.52020412846557e-02
1.52118073174774e-02
1.52215685537710e-02
1.52313249828641e-02
1.52410765940881e-02
1.52508233767779e-02
1.52605653202720e-02
1.52703024139128e-02
1.52800346470462e-02
1.52897620090218e-02
1.52994844891931e-02
1.53092020769171e-02
1.53189147615547e-02
1.53286225324705e-02
1.53383253790330e-02
1.53480232906143e-02
1.53577162565905e-02
1.53674042663414e-02
1.53770873092507e-02
1.53867653747059e-02
1.53964384520986e-02
1.54061065308239e-02
1.54157696002811e-02
1.54254276498733e-02
1.54350806690077e-02
1.54447286470951e-02
1.54543715735507e-02
1.54640094377933e-02
1.54736422292460e-02
1.54832699373356e-02
1.54928925514932e-02
1.55025100611539e-02
1.55121224557566e-02
1.55217297247447e-02
1.55313318575653e-02
1.55409288436698e-02
1.55505206725137e-02
1.55601073335566e-02
1.55696888162622e-02
1.55792651100985e-02
1.55888362045376e-02
1.55984020890557e-02
1.56079627531334e-02
1.56175181862554e-02
1.56270683779106e-02
1.56366133175923e-02
1.56461529947980e-02
1.56556873990295e-02
1.56652165197927e-02
1.56747403465983e-02
1.56842588689607e-02
1.56937720763992e-02
1.57032799584372e-02
1.57127825046024e-02
1.57222797044271e-02
1.57317715474479e-02
1.57412580232059e-02
1.57507391212464e-02
1.57602148311194e-02
1.57696851423793e-02
1.57791500445850e-02
1.57886095272998e-02
1.57980635800916e-02
1.58075121925329e-02
1.58169553542006e-02
1.58263930546761e-02
1.58358252835456e-02
1.58452520303998e-02
1.58546732848339e-02
1.58640890364478e-02
1.58734992748461e-02
1.58829039896379e-02
1.58923031704370e-02
1.59016968068621e-02
1.59110848885363e-02
1.59204674050875e-02
1.59298443461484e-02
1.59392157013563e-02
1.59485814603535e-02
1.59579416127867e-02
1.59672961483078e-02
1.59766450565732e-02
1.59859883272442e-02
1.59953259499870e-02
1.60046579144725e-02
1.60139842103765e-02
1.60233048273799e-02
1.60326197551682e-02
1.60419289834318e-02
1.60512325018663e-02
1.60605303001721e-02
1.60698223680543e-02
1.60791086952233e-02
1.60883892713944e-02
1.60976640862877e-02
1.61069331296286e-02
1.61161963911474e-02
1.61254538605793e-02
1.61347055276647e-02
1.61439513821492e-02
1.61531914137831e-02
1.61624256123222e-02
1.61716539675271e-02
1.61808764691638e-02
1.61900931070033e-02
1.61993038708216e-02
1.62085087504003e-02
1.62177077355257e-02
1.62269008159897e-02
1.62360879815892e-02
1.62452692221263e-02
1.62544445274085e-02
1.62636138872486e-02
1.62727772914644e-02
1.62819347298792e-02
1.62910861923216e-02
1.63002316686254e-02
1.63093711486300e-02
1.63185046221799e-02
1.63276320791250e-02
1.63367535093206e-02
1.63458689026276e-02
1.63549782489119e-02
1.63640815380452e-02
1.63731787599044e-02
1.63822699043720e-02
1.63913549613359e-02
1.64004339206896e-02
1.64095067723318e-02
1.64185735061671e-02
1.64276341121053e-02
1.64366885800620e-02
1.64457368999582e-02
1.64547790617205e-02
1.64638150552811e-02
1.64728448705778e-02
1.64818684975540e-02
1.64908859261588e-02
1.64998971463469e-02
1.65089021480785e-02
1.65179009213199e-02
1.65268934560426e-02
1.65358797422241e-02
1.65448597698475e-02
1.65538335289017e-02
1.65628010093814e-02
1.65717622012869e-02
1.65807170946243e-02
1.65896656794057e-02
1.65986079456488e-02
1.66075438833772e-02
1.66164734826203e-02
1.66253967334133e-02
1.66343136257974e-02
1.66432241498196e-02
1.66521282955329e-02
1.66610260529959e-02
1.66699174122735e-02
1.66788023634364e-02
1.66876808965610e-02
1.66965530017302e-02
1.67054186690323e-02
1.67142778885620e-02
1.67231306504199e-02
1.67319769447126e-02
1.67408167615526e-02
1.67496500910587e-02
1.67584769233557e-02
1.67672972485744e-02
1.67761110568517e-02
1.67849183383306e-02
1.67937190831605e-02
1.68025132814965e-02
1.68113009235001e-02
1.68200819993390e-02
1.68288564991870e-02
1.68376244132240e-02
1.68463857316365e-02
1.68551404446167e-02
1.68638885423633e-02
1.68726300150814e-02
1.68813648529822e-02
1.68900930462831e-02
1.68988145852079e-02
1.69075294599868e-02
1.69162376608561e-02
1.69249391780588e-02
1.69336340018438e-02
1.69423221224667e-02
1.69510035301894e-02
1.69596782152801e-02
1.69683461680136e-02
1.69770073786710e-02
1.69856618375398e-02
1.69943095349140e-02
1.70029504610942e-02
1.70115846063873e-02
1.70202119611067e-02
1.70288325155724e-02
1.70374462601110e-02
1.70460531850554e-02
1.70546532807453e-02
1.70632465375268e-02
1.70718329457527e-02
1.70804124957822e-02
1.70889851779814e-02
1.70975509827229e-02
1.71061099003858e-02
1.71146619213559e-02
1.71232070360259e-02
1.71317452347950e-02
1.71402765080690e-02
1.71488008462606e-02
1.71573182397891e-02
1.71658286790807e-02
1.71743321545680e-02
1.71828286566907e-02
1.71913181758953e-02
1.71998007026348e-02
1.72082762273692e-02
1.72167447405654e-02
1.72252062326969e-02
1.72336606942443e-02
1.72421081156948e-02
1.72505484875428e-02
1.72589818002892e-02
1.72674080444422e-02
1.72758272105167e-02
1.72842392890345e-02
1.72926442705245e-02
1.73010421455224e-02
1.73094329045710e-02
1.73178165382201e-02
1.73261930370263e-02
1.73345623915534e-02
1.73429245923723e-02
1.73512796300607e-02
1.73596274952035e-02
1.73679681783928e-02
1.73763016702275e-02
1.73846279613139e-02
1.73929470422651e-02
1.74012589037015e-02
1.74095635362508e-02
1.74178609305475e-02
1.74261510772336e-02
1.74344339669580e-02
1.74427095903770e-02
1.74509779381540e-02
1.74592390009597e-02
1.74674927694720e-02
1.74757392343761e-02
1.74839783863643e-02
1.74922102161363e-02
1.75004347143992e-02
1.75086518718673e-02
1.75168616792621e-02
1.75250641273125e-02
1.75332592067549e-02
1.75414469083330e-02
1.75496272227976e-02
1.75578001409074e-02
1.75659656534280e-02
1.75741237511326e-02
1.75822744248021e-02
1.75904176652243e-02
1.75985534631949e-02
1.76066818095170e-02
1.76148026950009e-02
1.76229161104647e-02
1.76310220467340e-02
1.76391204946416e-02
1.76472114450283e-02
1.76552948887420e-02
1.76633708166386e-02
1.76714392195812e-02
1.76795000884407e-02
1.76875534140955e-02
1.76955991874317e-02
1.77036373993430e-02
1.77116680407308e-02
1.77196911025040e-02
1.77277065755793e-02
1.77357144508810e-02
1.77437147193413e-02
1.77517073718998e-02
1.77596923995040e-02
1.77676697931092e-02
1.77756395436784e-02
1.77836016421822e-02
1.77915560795992e-02
1.77995028469157e-02
1.78074419351258e-02
1.78153733352314e-02
1.78232970382423e-02
1.78312130351761e-02
1.78391213170582e-02
1.78470218749220e-02
1.78549146998086e-02
1.78627997827673e-02
1.78706771148549e-02
1.78785466871365e-02
1.78864084906849e-02
1.78942625165810e-02
1.79021087559135e-02
1.79099471997792e-02
1.79177778392829e-02
1.79256006655372e-02
1.79334156696631e-02
1.79412228427892e-02
1.79490221760525e-02
1.79568136605977e-02
1.79645972875780e-02
1.79723730481543e-02
1.79801409334957e-02
1.79879009347796e-02
1.79956530431912e-02
1.80033972499241e-02
1.80111335461799e-02
1.80188619231683e-02
1.80265823721075e-02
1.80342948842235e-02
1.80419994507507e-02
1.80496960629317e-02
1.80573847120172e-02
1.80650653892662e-02
1.80727380859461e-02
1.80804027933324e-02
1.80880595027089e-02
1.80957082053676e-02
1.81033488926091e-02
1.81109815557419e-02
1.81186061860832e-02
1.81262227749583e-02
1.81338313137010e-02
1.81414317936533e-02
1.81490242061657e-02
1.81566085425971e-02
1.81641847943148e-02
1.81717529526944e-02
1.81793130091201e-02
1.81868649549843e-02
1.81944087816882e-02
1.82019444806412e-02
1.82094720432613e-02
1.82169914609748e-02
1.82245027252168e-02
1.82320058274307e-02
1.82395007590685e-02
1.82469875115908e-02
1.82544660764667e-02
1.82619364451738e-02
1.82693986091985e-02
1.82768525600354e-02
1.82842982891881e-02
1.82917357881687e-02
1.82991650484978e-02
1.83065860617049e-02
1.83139988193278e-02
1.83214033129132e-02
1.83287995340166e-02
1.83361874742020e-02
1.83435671250420e-02
1.83509384781182e-02
1.83583015250208e-02
1.83656562573486e-02
1.83730026667095e-02
1.83803407447199e-02
1.83876704830050e-02
1.83949918731989e-02
1.84023049069444e-02
1.84096095758931e-02
1.84169058717057e-02
1.84241937860514e-02
1.84314733106083e-02
1.84387444370637e-02
1.84460071571134e-02
1.84532614624622e-02
1.84605073448240e-02
1.84677447959213e-02
1.84749738074857e-02
1.84821943712577e-02
1.84894064789870e-02
1.84966101224317e-02
1.85038052933595e-02
1.85109919835467e-02
1.85181701847788e-02
1.85253398888501e-02
1.85325010875641e-02
1.85396537727333e-02
1.85467979361793e-02
1.85539335697326e-02
1.85610606652330e-02
1.85681792145292e-02
1.85752892094791e-02
1.85823906419497e-02
1.85894835038170e-02
1.85965677869663e-02
1.86036434832921e-02
1.86107105846978e-02
1.86177690830962e-02
1.86248189704091e-02
1.86318602385677e-02
1.86388928795123e-02
1.86459168851924e-02
1.86529322475667e-02
1.86599389586033e-02
1.86669370102793e-02
1.86739263945815e-02
1.86809071035054e-02
1.86878791290563e-02
1.86948424632484e-02
1.87017970981056e-02
1.87087430256609e-02
1.87156802379566e-02
1.87226087270444e-02
1.87295284849855e-02
1.87364395038503e-02
1.87433417757186e-02
1.87502352926797e-02
1.87571200468323e-02
1.87639960302843e-02
1.87708632351534e-02
1.87777216535664e-02
1.87845712776598e-02
1.87914120995794e-02
1.87982441114806e-02
1.88050673055282e-02
1.88118816738966e-02
1.88186872087695e-02
1.88254839023405e-02
1.88322717468125e-02
1.88390507343978e-02
1.88458208573185e-02
1.88525821078062e-02
1.88593344781022e-02
1.88660779604571e-02
1.88728125471314e-02
1.88795382303951e-02
1.88862550025277e-02
1.88929628558187e-02
1.88996617825668e-02
1.89063517750808e-02
1.89130328256788e-02
1.89197049266888e-02
1.89263680704485e-02
1.89330222493052e-02
1.89396674556159e-02
1.89463036817476e-02
1.89529309200768e-02
1.89595491629897e-02
1.89661584028825e-02
1.89727586321610e-02
1.89793498432409e-02
1.89859320285475e-02
1.89925051805162e-02
1.89990692915920e-02
1.90056243542299e-02
1.90121703608945e-02
1.90187073040606e-02
1.90252351762125e-02
1.90317539698447e-02
1.90382636774613e-02
1.90447642915766e-02
1.90512558047146e-02
1.90577382094092e-02
1.90642114982045e-02
1.90706756636542e-02
1.90771306983222e-02
1.90835765947823e-02
1.90900133456182e-02
1.90964409434237e-02
1.91028593808025e-02
1.91092686503685e-02
1.91156687447453e-02
1.91220596565669e-02
1.91284413784771e-02
1.91348139031298e-02
1.91411772231890e-02
1.91475313313287e-02
1.91538762202332e-02
1.91602118825967e-02
1.91665383111235e-02
1.91728554985282e-02
1.91791634375353e-02
1.91854621208797e-02
1.91917515413061e-02
1.91980316915698e-02
1.92043025644359e-02
1.92105641526799e-02
1.92168164490874e-02
1.92230594464543e-02
1.92292931375867e-02
1.92355175153007e-02
1.92417325724230e-02
1.92479383017903e-02
1.92541346962497e-02
1.92603217486584e-02
1.92664994518841e-02
1.92726677988046e-02
1.92788267823082e-02
1.92849763952933e-02
1.92911166306687e-02
1.92972474813537e-02
1.93033689402777e-02
1.93094810003806e-02
1.93155836546126e-02
1.93216768959343e-02
1.93277607173168e-02
1.93338351117413e-02
1.93399000721998e-02
1.93459555916943e-02
1.93520016632377e-02
1.93580382798529e-02
1.93640654345735e-02
1.93700831204435e-02
1.93760913305174e-02
1.93820900578601e-02
1.93880792955471e-02
1.93940590366642e-02
1.94000292743081e-02
1.94059900015855e-02
1.94119412116142e-02
1.94178828975220e-02
1.94238150524477e-02
1.94297376695404e-02
1.94356507419598e-02
1.94415542628762e-02
1.94474482254707e-02
1.94533326229347e-02
1.94592074484703e-02
1.94650726952904e-02
1.94709283566183e-02
1.94767744256882e-02
1.94826108957445e-02
1.94884377600429e-02
1.94942550118492e-02
1.95000626444403e-02
1.95058606511035e-02
1.95116490251370e-02
1.95174277598496e-02
1.95231968485609e-02
1.95289562846011e-02
1.95347060613115e-02
1.95404461720436e-02
1.95461766101602e-02
1.95518973690345e-02
1.95576084420507e-02
1.95633098226037e-02
1.95690015040992e-02
1.95746834799538e-02
1.95803557435949e-02
1.95860182884606e-02
1.95916711080000e-02
1.95973141956729e-02
1.96029475449502e-02
1.96085711493135e-02
1.96141850022553e-02
1.96197890972789e-02
1.96253834278988e-02
1.96309679876401e-02
1.96365427700390e-02
1.96421077686426e-02
1.96476629770088e-02
1.96532083887066e-02
1.96587439973160e-02
1.96642697964279e-02
1.96697857796441e-02
1.96752919405776e-02
1.96807882728520e-02
1.96862747701025e-02
1.96917514259747e-02
1.96972182341257e-02
1.97026751882234e-02
1.97081222819467e-02
1.97135595089858e-02
1.97189868630418e-02
1.97244043378268e-02
1.97298119270641e-02
1.97352096244881e-02
1.97405974238443e-02
1.97459753188892e-02
1.97513433033906e-02
1.97567013711272e-02
1.97620495158891e-02
1.97673877314773e-02
1.97727160117042e-02
1.97780343503932e-02
1.97833427413789e-02
1.97886411785071e-02
1.97939296556348e-02
1.97992081666303e-02
1.98044767053729e-02
1.98097352657533e-02
1.98149838416734e-02
1.98202224270462e-02
1.98254510157962e-02
1.98306696018589e-02
1.98358781791813e-02
1.98410767417216e-02
1.98462652834491e-02
1.98514437983446e-02
1.98566122804003e-02
1.98617707236193e-02
1.98669191220166e-02
1.98720574696179e-02
1.98771857604608e-02
1.98823039885939e-02
1.98874121480773e-02
1.98925102329824e-02
1.98975982373920e-02
1.99026761554004e-02
1.99077439811131e-02
1.99128017086470e-02
1.99178493321306e-02
1.99228868457038e-02
1.99279142435177e-02
1.99329315197350e-02
1.99379386685298e-02
1.99429356840879e-02
1.99479225606060e-02
1.99528992922929e-02
1.99578658733685e-02
1.99628222980643e-02
1.99677685606232e-02
1.99727046552998e-02
1.99776305763601e-02
1.99825463180816e-02
1.99874518747533e-02
1.99923472406759e-02
1.99972324101615e-02
2.00021073775338e-02
2.00069721371282e-02
2.00118266832913e-02
2.00166710103818e-02
2.00215051127695e-02
2.00263289848362e-02
2.00311426209751e-02
2.00359460155909e-02
2.00407391631003e-02
2.00455220579313e-02
2.00502946945236e-02
2.00550570673286e-02
2.00598091708095e-02
2.00645509994409e-02
2.00692825477092e-02
2.00740038101126e-02
2.00787147811607e-02
2.00834154553752e-02
2.00881058272891e-02
2.00927858914474e-02
2.00974556424066e-02
2.01021150747352e-02
2.01067641830133e-02
2.01114029618326e-02
2.01160314057969e-02
2.01206495095214e-02
2.01252572676333e-02
2.01298546747715e-02
2.01344417255868e-02
2.01390184147417e-02
2.01435847369104e-02
2.01481406867791e-02
2.01526862590458e-02
2.01572214484202e-02
2.01617462496239e-02
2.01662606573904e-02
2.01707646664650e-02
2.01752582716049e-02
2.01797414675792e-02
2.01842142491686e-02
2.01886766111661e-02
2.01931285483764e-02
2.01975700556160e-02
2.02020011277134e-02
2.02064217595090e-02
2.02108319458553e-02
2.02152316816164e-02
2.02196209616686e-02
2.02239997808999e-02
2.02283681342107e-02
2.02327260165128e-02
2.02370734227303e-02
2.02414103477993e-02
2.02457367866678e-02
2.02500527342956e-02
2.02543581856549e-02
2.02586531357297e-02
2.02629375795158e-02
2.02672115120215e-02
2.02714749282667e-02
2.02757278232835e-02
2.02799701921160e-02
2.02842020298206e-02
2.02884233314653e-02
2.02926340921306e-02
2.02968343069089e-02
2.03010239709045e-02
2.03052030792342e-02
2.03093716270264e-02
2.03135296094221e-02
2.03176770215741e-02
2.03218138586473e-02
2.03259401158189e-02
2.03300557882781e-02
2.03341608712264e-02
2.03382553598772e-02
2.03423392494563e-02
2.03464125352014e-02
2.03504752123627e-02
2.03545272762023e-02
2.03585687219946e-02
2.03625995450261e-02
2.03666197405956e-02
2.03706293040141e-02
2.03746282306047e-02
2.03786165157029e-02
2.03825941546562e-02
2.03865611428246e-02
2.03905174755800e-02
2.03944631483069e-02
2.03983981564018e-02
2.04023224952735e-02
2.04062361603433e-02
2.04101391470444e-02
2.04140314508225e-02
2.04179130671356e-02
2.04217839914539e-02
2.04256442192600e-02
2.04294937460486e-02
2.04333325673271e-02
2.04371606786148e-02
2.04409780754437e-02
2.04447847533577e-02
2.04485807079135e-02
2.04523659346798e-02
2.04561404292379e-02
2.04599041871813e-02
2.04636572041159e-02
2.04673994756600e-02
2.04711309974444e-02
2.04748517651119e-02
2.04785617743182e-02
2.04822610207310e-02
2.04859495000306e-02
2.04896272079098e-02
2.04932941400735e-02
2.04969502922393e-02
2.05005956601372e-02
2.05042302395095e-02
2.05078540261111e-02
2.05114670157093e-02
2.05150692040838e-02
2.05186605870268e-02
2.05222411603430e-02
2.05258109198496e-02
2.05293698613763e-02
2.05329179807650e-02
2.05364552738705e-02
2.05399817365599e-02
2.05434973647129e-02
2.05470021542215e-02
2.05504961009905e-02
2.05539792009370e-02
2.05574514499908e-02
2.05609128440942e-02
2.05643633792019e-02
2.05678030512814e-02
2.05712318563125e-02
2.05746497902877e-02
2.05780568492122e-02
2.05814530291035e-02
2.05848383259918e-02
2.05882127359200e-02
2.05915762549434e-02
2.05949288791300e-02
2.05982706045605e-02
2.06016014273280e-02
2.06049213435383e-02
2.06082303493099e-02
2.06115284407739e-02
2.06148156140740e-02
2.06180918653665e-02
2.06213571908204e-02
2.06246115866174e-02
2.06278550489517e-02
2.06310875740304e-02
2.06343091580731e-02
2.06375197973120e-02
2.06407194879922e-02
2.06439082263714e-02
2.06470860087198e-02
2.06502528313207e-02
2.06534086904697e-02
2.06565535824752e-02
2.06596875036586e-02
2.06628104503537e-02
2.06659224189071e-02
2.06690234056782e-02
2.06721134070391e-02
2.06751924193747e-02
2.06782604390824e-02
2.06813174625727e-02
2.06843634862686e-02
2.06873985066060e-02
2.06904225200336e-02
2.06934355230126e-02
2.06964375120174e-02
2.06994284835348e-02
2.07024084340645e-02
2.07053773601193e-02
2.07083352582243e-02
2.07112821249177e-02
2.07142179567505e-02
2.07171427502865e-02
2.07200565021022e-02
2.07229592087871e-02
2.07258508669434e-02
2.07287314731863e-02
2.07316010241435e-02
2.07344595164560e-02
2.07373069467773e-02
2.07401433117739e-02
2.07429686081251e-02
2.07457828325232e-02
2.07485859816733e-02
2.07513780522932e-02
2.07541590411139e-02
2.07569289448790e-02
2.07596877603452e-02
2.07624354842819e-02
2.07651721134716e-02
2.07678976447096e-02
2.07706120748041e-02
2.07733154005763e-02
2.07760076188602e-02
2.07786887265027e-02
2.07813587203639e-02
2.07840175973165e-02
2.07866653542464e-02
2.07893019880522e-02
2.07919274956456e-02
2.07945418739514e-02
2.07971451199069e-02
2.07997372304629e-02
2.08023182025828e-02
2.08048880332431e-02
2.08074467194333e-02
2.08099942581558e-02
2.08125306464260e-02
2.08150558812723e-02
2.08175699597363e-02
2.08200728788721e-02
2.08225646357474e-02
2.08250452274424e-02
2.08275146510507e-02
2.08299729036786e-02
2.08324199824456e-02
2.08348558844843e-02
2.08372806069400e-02
2.08396941469715e-02
2.08420965017502e-02
2.08444876684608e-02
2.08468676443010e-02
2.08492364264814e-02
2.08515940122259e-02
2.08539403987713e-02
2.08562755833675e-02
2.08585995632775e-02
2.08609123357773e-02
2.08632138981560e-02
2.08655042477158e-02
2.08677833817720e-02
2.08700512976529e-02
2.08723079927000e-02
2.08745534642678e-02
2.08767877097240e-02
2.08790107264493e-02
2.08812225118376e-02
2.08834230632958e-02
2.08856123782440e-02
2.08877904541155e-02
2.08899572883565e-02
2.08921128784265e-02
2.08942572217980e-02
2.08963903159569e-02
2.08985121584018e-02
2.09006227466449e-02
2.09027220782112e-02
2.09048101506390e-02
2.09068869614799e-02
2.09089525082983e-02
2.09110067886720e-02
2.09130498001919e-02
2.09150815404622e-02
2.09171020071000e-02
2.09191111977359e-02
2.09211091100134e-02
2.09230957415892e-02
2.09250710901335e-02
2.09270351533293e-02
2.09289879288730e-02
2.09309294144742e-02
2.09328596078555e-02
2.09347785067530e-02
2.09366861089158e-02
2.09385824121063e-02
2.09404674141000e-02
2.09423411126858e-02
2.09442035056656e-02
2.09460545908548e-02
2.09478943660817e-02
2.09497228291881e-02
2.09515399780289e-02
2.09533458104722e-02
2.09551403243995e-02
2.09569235177053e-02
2.09586953882976e-02
2.09604559340975e-02
2.09622051530395e-02
2.09639430430710e-02
2.09656696021531e-02
2.09673848282599e-02
2.09690887193788e-02
2.09707812735106e-02
2.09724624886690e-02
2.09741323628815e-02
2.09757908941885e-02
2.09774380806439e-02
2.09790739203145e-02
2.09806984112809e-02
2.09823115516367e-02
2.09839133394887e-02
2.09855037729573e-02
2.09870828501759e-02
2.09886505692913e-02
2.09902069284638e-02
2.09917519258666e-02
2.09932855596866e-02
2.09948078281237e-02
2.09963187293914e-02
2.09978182617163e-02
2.09993064233384e-02
2.10007832125110e-02
2.10022486275007e-02
2.10037026665875e-02
2.10051453280647e-02
2.10065766102389e-02
2.10079965114300e-02
2.10094050299714e-02
2.10108021642096e-02
2.10121879125046e-02
2.10135622732298e-02
2.10149252447718e-02
2.10162768255305e-02
2.10176170139194e-02
2.10189458083652e-02
2.10202632073078e-02
2.10215692092009e-02
2.10228638125110e-02
2.10241470157184e-02
2.10254188173166e-02
2.10266792158125e-02
2.10279282097262e-02
2.10291657975915e-02
2.10303919779553e-02
2.10316067493779e-02
2.10328101104332e-02
2.10340020597082e-02
2.10351825958035e-02
2.10363517173330e-02
2.10375094229239e-02
2.10386557112168e-02
2.10397905808660e-02
2.10409140305387e-02
2.10420260589159e-02
2.10431266646918e-02
2.10442158465741e-02
2.10452936032837e-02
2.10463599335551e-02
2.10474148361363e-02
2.10484583097883e-02
2.10494903532860e-02
2.10505109654173e-02
2.10515201449838e-02
2.10525178908004e-02
2.10535042016953e-02
2.10544790765103e-02
2.10554425141006e-02
2.10563945133348e-02
2.10573350730947e-02
2.10582641922760e-02
2.10591818697873e-02
2.10600881045510e-02
2.10609828955027e-02
2.10618662415917e-02
2.10627381417804e-02
2.10635985950449e-02
2.10644476003746e-02
2.10652851567723e-02
2.10661112632545e-02
2.10669259188507e-02
2.10677291226043e-02
2.10685208735719e-02
2.10693011708234e-02
2.10700700134425e-02
2.10708274005262e-02
2.10715733311848e-02
2.10723078045422e-02
2.10730308197357e-02
2.10737423759161e-02
2.10744424722476e-02
2.10751311079080e-02
2.10758082820883e-02
2.10764739939931e-02
2.10771282428405e-02
2.10777710278620e-02
2.10784023483026e-02
2.10790222034207e-02
2.10796305924881e-02
2.10802275147904e-02
2.10808129696262e-02
2.10813869563079e-02
2.10819494741613e-02
2.10825005225255e-02
2.10830401007533e-02
2.10835682082108e-02
2.10840848442777e-02
2.10845900083471e-02
2.10850836998256e-02
2.10855659181332e-02
2.10860366627035e-02
2.10864959329834e-02
2.10869437284336e-02
2.10873800485278e-02
2.10878048927536e-02
2.10882182606119e-02
2.10886201516171e-02
2.10890105652971e-02
2.10893895011932e-02
2.10897569588602e-02
2.10901129378666e-02
2.10904574377941e-02
2.10907904582380e-02
2.10911119988071e-02
2.10914220591236e-02
2.10917206388234e-02
2.10920077375556e-02
2.10922833549829e-02
2.10925474907816e-02
2.10928001446413e-02
2.10930413162653e-02
2.10932710053702e-02
2.10934892116862e-02
2.10936959349569e-02
2.10938911749395e-02
2.10940749314046e-02
2.10942472041363e-02
2.10944079929323e-02
2.10945572976035e-02
2.10946951179748e-02
2.10948214538840e-02
2.10949363051828e-02
2.10950396717363e-02
2.10951315534231e-02
2.10952119501351e-02
2.10952808617780e-02
2.10953382882707e-02
2.10953842295459e-02
2.10954186855495e-02
2.10954416562410e-02
2.10954531415936e-02
2.10954531415936e-02
2.10954416562411e-02
2.10954186855495e-02
2.10953842295460e-02
2.10953382882708e-02
2.10952808617781e-02
2.10952119501353e-02
2.10951315534233e-02
2.10950396717365e-02
2.10949363051831e-02
2.10948214538842e-02
2.10946951179750e-02
2.10945572976038e-02
2.10944079929325e-02
2.10942472041366e-02
2.10940749314049e-02
2.10938911749398e-02
2.10936959349573e-02
2.10934892116866e-02
2.10932710053706e-02
2.10930413162657e-02
2.10928001446417e-02
2.10925474907820e-02
2.10922833549833e-02
2.10920077375560e-02
2.10917206388239e-02
2.10914220591241e-02
2.10911119988076e-02
2.10907904582385e-02
2.10904574377946e-02
2.10901129378672e-02
2.10897569588608e-02
2.10893895011938e-02
2.10890105652977e-02
2.10886201516178e-02
2.10882182606126e-02
2.10878048927543e-02
2.10873800485285e-02
2.10869437284343e-02
2.10864959329842e-02
2.10860366627043e-02
2.10855659181340e-02
2.10850836998264e-02
2.10845900083480e-02
2.10840848442786e-02
2.10835682082117e-02
2.10830401007542e-02
2.10825005225265e-02
2.10819494741623e-02
2.10813869563089e-02
2.10808129696272e-02
2.10802275147914e-02
2.10796305924892e-02
2.10790222034217e-02
2.10784023483037e-02
2.10777710278631e-02
2.10771282428416e-02
2.10764739939942e-02
2.10758082820895e-02
2.10751311079092e-02
2.10744424722489e-02
2.10737423759173e-02
2.10730308197370e-02
2.10723078045435e-02
2.10715733311861e-02
2.10708274005275e-02
2.10700700134439e-02
2.10693011708248e-02
2.10685208735732e-02
2.10677291226057e-02
2.10669259188521e-02
2.10661112632559e-02
2.10652851567738e-02
2.10644476003760e-02
2.10635985950464e-02
2.10627381417819e-02
2.10618662415932e-02
2.10609828955042e-02
2.10600881045525e-02
2.10591818697889e-02
2.10582641922776e-02
2.10573350730964e-02
2.10563945133364e-02
2.10554425141023e-02
2.10544790765120e-02
2.10535042016970e-02
2.10525178908021e-02
2.10515201449856e-02
2.10505109654191e-02
2.10494903532878e-02
2.10484583097902e-02
2.10474148361381e-02
2.10463599335570e-02
2.10452936032856e-02
2.10442158465760e-02
2.10431266646938e-02
2.10420260589179e-02
2.10409140305407e-02
2.10397905808680e-02
2.10386557112189e-02
2.10375094229259e-02
2.10363517173351e-02
2.10351825958056e-02
2.10340020597104e-02
2.10328101104354e-02
2.10316067493801e-02
2.10303919779574e-02
2.10291657975937e-02
2.10279282097284e-02
2.10266792158147e-02
2.10254188173189e-02
2.10241470157207e-02
2.10228638125133e-02
2.10215692092031e-02
2.10202632073101e-02
2.10189458083675e-02
2.10176170139217e-02
2.10162768255329e-02
2.10149252447741e-02
2.10135622732322e-02
2.10121879125070e-02
2.10108021642120e-02
2.10094050299738e-02
2.10079965114325e-02
2.10065766102414e-02
2.10051453280672e-02
2.10037026665901e-02
2.10022486275033e-02
2.10007832125136e-02
2.09993064233410e-02
2.09978182617190e-02
2.09963187293941e-02
2.09948078281264e-02
2.09932855596893e-02
2.09917519258693e-02
2.09902069284665e-02
2.09886505692941e-02
2.09870828501787e-02
2.09855037729601e-02
2.09839133394916e-02
2.09823115516396e-02
2.09806984112839e-02
2.09790739203175e-02
2.09774380806469e-02
2.09757908941916e-02
2.09741323628846e-02
2.09724624886722e-02
2.09707812735137e-02
2.09690887193820e-02
2.09673848282631e-02
2.09656696021564e-02
2.09639430430743e-02
2.09622051530428e-02
2.09604559341009e-02
2.09586953883010e-02
2.09569235177087e-02
2.09551403244029e-02
2.09533458104757e-02
2.09515399780324e-02
2.09497228291917e-02
2.09478943660854e-02
2.09460545908585e-02
2.09442035056694e-02
2.09423411126896e-02
2.09404674141038e-02
2.09385824121101e-02
2.09366861089197e-02
2.09347785067569e-02
2.09328596078595e-02
2.09309294144782e-02
2.09289879288771e-02
2.09270351533334e-02
2.09250710901377e-02
2.09230957415934e-02
2.09211091100176e-02
2.09191111977402e-02
2.09171020071044e-02
2.09150815404665e-02
2.09130498001963e-02
2.09110067886764e-02
2.09089525083027e-02
2.09068869614844e-02
2.09048101506436e-02
2.09027220782158e-02
2.09006227466495e-02
2.08985121584065e-02
2.08963903159616e-02
2.08942572218028e-02
2.08921128784313e-02
2.08899572883613e-02
2.08877904541203e-02
2.08856123782489e-02
2.08834230633007e-02
2.08812225118425e-02
2.08790107264543e-02
2.08767877097290e-02
2.08745534642728e-02
2.08723079927050e-02
2.08700512976580e-02
2.08677833817771e-02
2.08655042477209e-02
2.08632138981612e-02
2.08609123357825e-02
2.08585995632827e-02
2.08562755833728e-02
2.08539403987766e-02
2.08515940122312e-02
2.08492364264867e-02
2.08468676443063e-02
2.08444876684661e-02
2.08420965017556e-02
2.08396941469769e-02
2.08372806069455e-02
2.08348558844897e-02
2.08324199824511e-02
2.08299729036841e-02
2.08275146510562e-02
2.08250452274480e-02
2.08225646357529e-02
2.08200728788777e-02
2.08175699597418e-02
2.08150558812779e-02
2.08125306464316e-02
2.08099942581614e-02
2.08074467194389e-02
2.08048880332488e-02
2.08023182025885e-02
2.07997372304686e-02
2.07971451199127e-02
2.07945418739571e-02
2.07919274956514e-02
2.07893019880580e-02
2.07866653542522e-02
2.07840175973223e-02
2.07813587203697e-02
2.07786887265086e-02
2.07760076188661e-02
2.07733154005822e-02
2.07706120748101e-02
2.07678976447156e-02
2.07651721134776e-02
2.07624354842879e-02
2.07596877603512e-02
2.07569289448850e-02
2.07541590411199e-02
2.07513780522992e-02
2.07485859816793e-02
2.07457828325293e-02
2.07429686081312e-02
2.07401433117800e-02
2.07373069467834e-02
2.07344595164621e-02
2.07316010241497e-02
2.07287314731924e-02
2.07258508669496e-02
2.07229592087933e-02
2.07200565021084e-02
2.07171427502927e-02
2.07142179567568e-02
2.07112821249239e-02
2.07083352582305e-02
2.07053773601255e-02
2.07024084340708e-02
2.06994284835411e-02
2.06964375120237e-02
2.06934355230190e-02
2.06904225200399e-02
2.06873985066124e-02
2.06843634862750e-02
2.06813174625791e-02
2.06782604390888e-02
2.06751924193811e-02
2.06721134070456e-02
2.06690234056847e-02
2.06659224189136e-02
2.06628104503602e-02
2.06596875036652e-02
2.06565535824818e-02
2.06534086904762e-02
2.06502528313273e-02
2.06470860087264e-02
2.06439082263780e-02
2.06407194879989e-02
2.06375197973187e-02
2.06343091580797e-02
2.06310875740371e-02
2.06278550489584e-02
2.06246115866241e-02
2.06213571908271e-02
2.06180918653732e-02
2.06148156140807e-02
2.06115284407807e-02
2.06082303493167e-02
2.06049213435451e-02
2.06016014273348e-02
2.05982706045673e-02
2.05949288791368e-02
2.05915762549502e-02
2.05882127359268e-02
2.05848383259987e-02
2.05814530291103e-02
2.05780568492190e-02
2.05746497902946e-02
2.05712318563193e-02
2.05678030512882e-02
2.05643633792088e-02
2.05609128441010e-02
2.05574514499977e-02
2.05539792009439e-02
2.05504961009973e-02
2.05470021542284e-02
2.05434973647197e-02
2.05399817365668e-02
2.05364552738774e-02
2.05329179807719e-02
2.05293698613831e-02
2.05258109198565e-02
2.05222411603499e-02
2.05186605870337e-02
2.05150692040907e-02
2.05114670157162e-02
2.05078540261180e-02
2.05042302395164e-02
2.05005956601441e-02
2.04969502922462e-02
2.04932941400804e-02
2.04896272079167e-02
2.04859495000375e-02
2.04822610207379e-02
2.04785617743251e-02
2.04748517651188e-02
2.04711309974512e-02
2.04673994756669e-02
2.04636572041228e-02
2.04599041871882e-02
2.04561404292448e-02
2.04523659346867e-02
2.04485807079204e-02
2.04447847533646e-02
2.04409780754506e-02
2.04371606786217e-02
2.04333325673340e-02
2.04294937460556e-02
2.04256442192669e-02
2.04217839914608e-02
2.04179130671425e-02
2.04140314508294e-02
2.04101391470513e-02
2.04062361603503e-02
2.04023224952805e-02
2.03983981564088e-02
2.03944631483139e-02
2.03905174755870e-02
2.03865611428316e-02
2.03825941546633e-02
2.03786165157099e-02
2.03746282306118e-02
2.03706293040211e-02
2.03666197406027e-02
2.03625995450331e-02
2.03585687220017e-02
2.03545272762094e-02
2.03504752123698e-02
2.03464125352086e-02
2.03423392494634e-02
2.03382553598843e-02
2.03341608712335e-02
2.03300557882853e-02
2.03259401158260e-02
2.03218138586544e-02
2.03176770215812e-02
2.03135296094292e-02
2.03093716270335e-02
2.03052030792413e-02
2.03010239709116e-02
2.02968343069160e-02
2.02926340921377e-02
2.02884233314724e-02
2.02842020298277e-02
2.02799701921231e-02
2.02757278232906e-02
2.02714749282738e-02
2.02672115120286e-02
2.02629375795229e-02
2.02586531357368e-02
2.02543581856620e-02
2.02500527343027e-02
2.02457367866748e-02
2.02414103478064e-02
2.02370734227374e-02
2.02327260165198e-02
2.02283681342177e-02
2.02239997809070e-02
2.02196209616756e-02
2.02152316816234e-02
2.02108319458623e-02
2.02064217595160e-02
2.02020011277204e-02
2.01975700556229e-02
2.01931285483834e-02
2.01886766111731e-02
2.01842142491756e-02
2.01797414675861e-02
2.01752582716119e-02
2.01707646664720e-02
2.01662606573973e-02
2.01617462496308e-02
2.01572214484271e-02
2.01526862590527e-02
2.01481406867860e-02
2.01435847369173e-02
2.01390184147486e-02
2.01344417255938e-02
2.01298546747785e-02
2.01252572676402e-02
2.01206495095283e-02
2.01160314058038e-02
2.01114029618395e-02
2.01067641830202e-02
2.01021150747421e-02
2.00974556424135e-02
2.00927858914542e-02
2.00881058272960e-02
2.00834154553820e-02
2.00787147811676e-02
2.00740038101194e-02
2.00692825477161e-02
2.00645509994477e-02
2.00598091708163e-02
2.00550570673354e-02
2.00502946945304e-02
2.00455220579381e-02
2.00407391631071e-02
2.00359460155978e-02
2.00311426209819e-02
2.00263289848431e-02
2.00215051127764e-02
2.00166710103886e-02
2.00118266832981e-02
2.00069721371350e-02
2.00021073775406e-02
1.99972324101683e-02
1.99923472406827e-02
1.99874518747601e-02
1.99825463180883e-02
1.99776305763669e-02
1.99727046553066e-02
1.99677685606300e-02
1.99628222980710e-02
1.99578658733752e-02
1.99528992922996e-02
1.99479225606127e-02
1.99429356840945e-02
1.99379386685365e-02
1.99329315197416e-02
1.99279142435243e-02
1.99228868457104e-02
1.99178493321373e-02
1.99128017086536e-02
1.99077439811196e-02
1.99026761554070e-02
1.98975982373986e-02
1.98925102329890e-02
1.98874121480838e-02
1.98823039886004e-02
1.98771857604673e-02
1.98720574696244e-02
1.98669191220230e-02
1.98617707236258e-02
1.98566122804067e-02
1.98514437983511e-02
1.98462652834555e-02
1.98410767417280e-02
1.98358781791877e-02
1.98306696018653e-02
1.98254510158025e-02
1.98202224270525e-02
1.98149838416797e-02
1.98097352657596e-02
1.98044767053792e-02
1.97992081666365e-02
1.97939296556410e-02
1.97886411785133e-02
1.97833427413851e-02
1.97780343503994e-02
1.97727160117104e-02
1.97673877314835e-02
1.97620495158952e-02
1.97567013711333e-02
1.97513433033966e-02
1.97459753188953e-02
1.97405974238503e-02
1.97352096244941e-02
1.97298119270701e-02
1.97244043378327e-02
1.97189868630477e-02
1.97135595089917e-02
1.97081222819526e-02
1.97026751882292e-02
1.96972182341315e-02
1.96917514259805e-02
1.96862747701082e-02
1.96807882728577e-02
1.96752919405832e-02
1.96697857796498e-02
1.96642697964335e-02
1.96587439973216e-02
1.96532083887122e-02
1.96476629770143e-02
1.96421077686481e-02
1.96365427700445e-02
1.96309679876456e-02
1.96253834279042e-02
1.96197890972843e-02
1.96141850022606e-02
1.96085711493189e-02
1.96029475449556e-02
1.95973141956782e-02
1.95916711080052e-02
1.95860182884658e-02
1.95803557436001e-02
1.95746834799590e-02
1.95690015041044e-02
1.95633098226088e-02
1.95576084420558e-02
1.95518973690395e-02
1.95461766101652e-02
1.95404461720486e-02
1.95347060613164e-02
1.95289562846060e-02
1.95231968485657e-02
1.95174277598544e-02
1.95116490251418e-02
1.95058606511082e-02
1.95000626444450e-02
1.94942550118539e-02
1.94884377600475e-02
1.94826108957491e-02
1.94767744256927e-02
1.94709283566228e-02
1.94650726952949e-02
1.94592074484747e-02
1.94533326229390e-02
1.94474482254750e-02
1.94415542628805e-02
1.94356507419640e-02
1.94297376695445e-02
1.94238150524518e-02
1.94178828975261e-02
1.94119412116182e-02
1.94059900015895e-02
1.94000292743120e-02
1.93940590366681e-02
1.93880792955509e-02
1.93820900578639e-02
1.93760913305211e-02
1.93700831204472e-02
1.93640654345771e-02
1.93580382798564e-02
1.93520016632412e-02
1.93459555916978e-02
1.93399000722031e-02
1.93338351117446e-02
1.93277607173200e-02
1.93216768959375e-02
1.93155836546157e-02
1.93094810003837e-02
1.93033689402807e-02
1.92972474813567e-02
1.92911166306716e-02
1.92849763952961e-02
1.92788267823110e-02
1.92726677988074e-02
1.92664994518868e-02
1.92603217486610e-02
1.92541346962522e-02
1.92479383017928e-02
1.92417325724254e-02
1.92355175153031e-02
1.92292931375890e-02
1.92230594464566e-02
1.92168164490896e-02
1.92105641526821e-02
1.92043025644380e-02
1.91980316915718e-02
1.91917515413081e-02
1.91854621208816e-02
1.91791634375372e-02
1.91728554985300e-02
1.91665383111253e-02
1.91602118825984e-02
1.91538762202349e-02
1.91475313313303e-02
1.91411772231905e-02
1.91348139031313e-02
1.91284413784785e-02
1.91220596565683e-02
1.91156687447467e-02
1.91092686503698e-02
1.91028593808038e-02
1.90964409434249e-02
1.90900133456193e-02
1.90835765947834e-02
1.90771306983233e-02
1.90706756636552e-02
1.90642114982054e-02
1.90577382094101e-02
1.90512558047154e-02
1.90447642915774e-02
1.90382636774620e-02
1.90317539698453e-02
1.90252351762131e-02
1.90187073040611e-02
1.90121703608950e-02
1.90056243542303e-02
1.89990692915924e-02
1.89925051805165e-02
1.89859320285478e-02
1.89793498432411e-02
1.89727586321612e-02
1.89661584028826e-02
1.89595491629897e-02
1.89529309200767e-02
1.89463036817475e-02
1.89396674556157e-02
1.89330222493049e-02
1.89263680704481e-02
1.89197049266884e-02
1.89130328256783e-02
1.89063517750803e-02
1.88996617825663e-02
1.88929628558180e-02
1.88862550025270e-02
1.88795382303943e-02
1.88728125471306e-02
1.88660779604562e-02
1.88593344781012e-02
1.88525821078052e-02
1.88458208573174e-02
1.88390507343966e-02
1.88322717468112e-02
1.88254839023392e-02
1.88186872087682e-02
1.88118816738951e-02
1.88050673055267e-02
1.87982441114790e-02
1.87914120995778e-02
1.87845712776581e-02
1.87777216535647e-02
1.87708632351516e-02
1.87639960302825e-02
1.87571200468304e-02
1.87502352926778e-02
1.87433417757167e-02
1.87364395038483e-02
1.87295284849835e-02
1.87226087270423e-02
1.87156802379544e-02
1.87087430256587e-02
1.87017970981034e-02
1.86948424632461e-02
1.86878791290539e-02
1.86809071035030e-02
1.86739263945790e-02
1.86669370102768e-02
1.86599389586007e-02
1.86529322475640e-02
1.86459168851896e-02
1.86388928795095e-02
1.86318602385649e-02
1.86248189704062e-02
1.86177690830933e-02
1.86107105846948e-02
1.86036434832891e-02
1.85965677869633e-02
1.85894835038139e-02
1.85823906419465e-02
1.85752892094759e-02
1.85681792145260e-02
1.85610606652297e-02
1.85539335697293e-02
1.85467979361759e-02
1.85396537727299e-02
1.85325010875606e-02
1.85253398888466e-02
1.85181701847752e-02
1.85109919835431e-02
1.85038052933559e-02
1.84966101224280e-02
1.84894064789832e-02
1.84821943712540e-02
1.84749738074818e-02
1.84677447959174e-02
1.84605073448200e-02
1.84532614624582e-02
1.84460071571094e-02
1.84387444370596e-02
1.84314733106042e-02
1.84241937860472e-02
1.84169058717014e-02
1.84096095758888e-02
1.84023049069400e-02
1.83949918731945e-02
1.83876704830006e-02
1.83803407447154e-02
1.83730026667050e-02
1.83656562573440e-02
1.83583015250161e-02
1.83509384781135e-02
1.83435671250372e-02
1.83361874741971e-02
1.83287995340117e-02
1.83214033129083e-02
1.83139988193228e-02
1.83065860616998e-02
1.82991650484927e-02
1.82917357881635e-02
1.82842982891829e-02
1.82768525600301e-02
1.82693986091931e-02
1.82619364451684e-02
1.82544660764613e-02
1.82469875115853e-02
1.82395007590629e-02
1.82320058274250e-02
1.82245027252111e-02
1.82169914609690e-02
1.82094720432554e-02
1.82019444806353e-02
1.81944087816823e-02
1.81868649549783e-02
1.81793130091140e-02
1.81717529526883e-02
1.81641847943086e-02
1.81566085425908e-02
1.81490242061594e-02
1.81414317936469e-02
1.81338313136945e-02
1.81262227749518e-02
1.81186061860766e-02
1.81109815557353e-02
1.81033488926023e-02
1.80957082053608e-02
1.80880595027020e-02
1.80804027933255e-02
1.80727380859392e-02
1.80650653892592e-02
1.80573847120101e-02
1.80496960629245e-02
1.80419994507435e-02
1.80342948842163e-02
1.80265823721002e-02
1.80188619231610e-02
1.80111335461724e-02
1.80033972499166e-02
1.79956530431836e-02
1.79879009347719e-02
1.79801409334880e-02
1.79723730481465e-02
1.79645972875702e-02
1.79568136605899e-02
1.79490221760445e-02
1.79412228427812e-02
1.79334156696550e-02
1.79256006655291e-02
1.79177778392747e-02
1.79099471997710e-02
1.79021087559052e-02
1.78942625165727e-02
1.78864084906766e-02
1.78785466871281e-02
1.78706771148465e-02
1.78627997827588e-02
1.78549146998001e-02
1.78470218749133e-02
1.78391213170495e-02
1.78312130351673e-02
1.78232970382335e-02
1.78153733352225e-02
1.78074419351169e-02
1.77995028469067e-02
1.77915560795902e-02
1.77836016421731e-02
1.77756395436693e-02
1.77676697931001e-02
1.77596923994948e-02
1.77517073718905e-02
1.77437147193320e-02
1.77357144508717e-02
1.77277065755699e-02
1.77196911024946e-02
1.77116680407213e-02
1.77036373993335e-02
1.76955991874222e-02
1.76875534140859e-02
1.76795000884310e-02
1.76714392195715e-02
1.76633708166288e-02
1.76552948887322e-02
1.76472114450184e-02
1.76391204946317e-02
1.76310220467240e-02
1.76229161104547e-02
1.76148026949909e-02
1.76066818095069e-02
1.75985534631848e-02
1.75904176652141e-02
1.75822744247918e-02
1.75741237511224e-02
1.75659656534177e-02
1.75578001408970e-02
1.75496272227873e-02
1.75414469083226e-02
1.75332592067445e-02
1.75250641273020e-02
1.75168616792515e-02
1.75086518718567e-02
1.75004347143887e-02
1.74922102161257e-02
1.74839783863536e-02
1.74757392343653e-02
1.74674927694613e-02
1.74592390009489e-02
1.74509779381431e-02
1.74427095903661e-02
1.74344339669470e-02
1.74261510772226e-02
1.74178609305365e-02
1.74095635362397e-02
1.74012589036905e-02
1.73929470422539e-02
1.73846279613027e-02
1.73763016702163e-02
1.73679681783816e-02
1.73596274951923e-02
1.73512796300494e-02
1.73429245923609e-02
1.73345623915420e-02
1.73261930370148e-02
1.73178165382086e-02
1.73094329045595e-02
1.73010421455109e-02
1.72926442705129e-02
1.72842392890229e-02
1.72758272105050e-02
1.72674080444305e-02
1.72589818002775e-02
1.72505484875310e-02
1.72421081156830e-02
1.72336606942324e-02
1.72252062326850e-02
1.72167447405535e-02
1.72082762273573e-02
1.71998007026228e-02
1.71913181758833e-02
1.71828286566787e-02
1.71743321545559e-02
1.71658286790686e-02
1.71573182397770e-02
1.71488008462485e-02
1.71402765080569e-02
1.71317452347828e-02
1.71232070360137e-02
1.71146619213437e-02
1.71061099003735e-02
1.70975509827106e-02
1.70889851779691e-02
1.70804124957699e-02
1.70718329457403e-02
1.70632465375144e-02
1.70546532807329e-02
1.70460531850430e-02
1.70374462600985e-02
1.70288325155599e-02
1.70202119610942e-02
1.70115846063747e-02
1.70029504610817e-02
1.69943095349015e-02
1.69856618375272e-02
1.69770073786584e-02
1.69683461680010e-02
1.69596782152674e-02
1.69510035301767e-02
1.69423221224539e-02
1.69336340018310e-02
1.69249391780460e-02
1.69162376608433e-02
1.69075294599739e-02
1.68988145851950e-02
1.68900930462702e-02
1.68813648529693e-02
1.68726300150685e-02
1.68638885423504e-02
1.68551404446037e-02
1.68463857316234e-02
1.68376244132110e-02
1.68288564991739e-02
1.68200819993259e-02
1.68113009234870e-02
1.68025132814833e-02
1.67937190831473e-02
1.67849183383174e-02
1.67761110568384e-02
1.67672972485611e-02
1.67584769233424e-02
1.67496500910454e-02
1.67408167615392e-02
1.67319769446992e-02
1.67231306504065e-02
1.67142778885486e-02
1.67054186690188e-02
1.66965530017166e-02
1.66876808965475e-02
1.66788023634228e-02
1.66699174122599e-02
1.66610260529823e-02
1.66521282955192e-02
1.66432241498059e-02
1.66343136257837e-02
1.66253967333995e-02
1.66164734826065e-02
1.66075438833634e-02
1.65986079456350e-02
1.65896656793918e-02
1.65807170946104e-02
1.65717622012729e-02
1.65628010093674e-02
1.65538335288877e-02
1.65448597698334e-02
1.65358797422100e-02
1.65268934560284e-02
1.65179009213057e-02
1.65089021480644e-02
1.64998971463326e-02
1.64908859261446e-02
1.64818684975397e-02
1.64728448705635e-02
1.64638150552668e-02
1.64547790617061e-02
1.64457368999438e-02
1.64366885800476e-02
1.64276341120909e-02
1.64185735061526e-02
1.64095067723173e-02
1.64004339206750e-02
1.63913549613214e-02
1.63822699043574e-02
1.63731787598898e-02
1.63640815380305e-02
1.63549782488972e-02
1.63458689026128e-02
1.63367535093059e-02
1.63276320791102e-02
1.63185046221651e-02
1.63093711486152e-02
1.63002316686106e-02
1.62910861923067e-02
1.62819347298642e-02
1.62727772914494e-02
1.62636138872336e-02
1.62544445273935e-02
1.62452692221113e-02
1.62360879815741e-02
1.62269008159746e-02
1.62177077355106e-02
1.62085087503851e-02
1.61993038708065e-02
1.61900931069881e-02
1.61808764691486e-02
1.61716539675119e-02
1.61624256123069e-02
1.61531914137678e-02
1.61439513821338e-02
1.61347055276494e-02
1.61254538605639e-02
1.61161963911320e-02
1.61069331296132e-02
1.60976640862722e-02
1.60883892713789e-02
1.60791086952078e-02
1.60698223680387e-02
1.60605303001565e-02
1.60512325018507e-02
1.60419289834162e-02
1.60326197551525e-02
1.60233048273642e-02
1.60139842103608e-02
1.60046579144567e-02
1.59953259499711e-02
1.59859883272283e-02
1.59766450565573e-02
1.59672961482919e-02
1.59579416127708e-02
1.59485814603375e-02
1.59392157013403e-02
1.59298443461323e-02
1.59204674050714e-02
1.59110848885201e-02
1.59016968068459e-02
1.58923031704208e-02
1.58829039896216e-02
1.58734992748298e-02
1.58640890364315e-02
1.58546732848175e-02
1.58452520303834e-02
1.58358252835292e-02
1.58263930546596e-02
1.58169553541841e-02
1.58075121925164e-02
1.57980635800751e-02
1.57886095272832e-02
1.57791500445684e-02
1.57696851423627e-02
1.57602148311027e-02
1.57507391212297e-02
1.57412580231891e-02
1.57317715474312e-02
1.57222797044104e-02
1.57127825045856e-02
1.57032799584204e-02
1.56937720763824e-02
1.56842588689438e-02
1.56747403465813e-02
1.56652165197758e-02
1.56556873990125e-02
1.56461529947810e-02
1.56366133175753e-02
1.56270683778936e-02
1.56175181862383e-02
1.56079627531163e-02
1.55984020890386e-02
1.55888362045205e-02
1.55792651100814e-02
1.55696888162451e-02
1.55601073335394e-02
1.55505206724965e-02
1.55409288436526e-02
1.55313318575481e-02
1.55217297247274e-02
1.55121224557393e-02
1.55025100611365e-02
1.54928925514759e-02
1.54832699373182e-02
1.54736422292286e-02
1.54640094377759e-02
1.54543715735333e-02
1.54447286470777e-02
1.54350806689902e-02
1.54254276498559e-02
1.54157696002636e-02
1.54061065308064e-02
1.53964384520810e-02
1.53867653746884e-02
1.53770873092331e-02
1.53674042663238e-02
1.53577162565729e-02
1.53480232905967e-02
1.53383253790153e-02
1.53286225324529e-02
1.53189147615370e-02
1.53092020768994e-02
1.52994844891754e-02
1.52897620090041e-02
1.52800346470285e-02
1.52703024138951e-02
1.52605653202543e-02
1.52508233767601e-02
1.52410765940703e-02
1.52313249828463e-02
1.52215685537531e-02
1.52118073174595e-02
1.52020412846378e-02
1.51922704659640e-02
1.51824948721175e-02
1.51727145137816e-02
1.51629294016430e-02
1.51531395463918e-02
1.51433449587218e-02
1.51335456493305e-02
1.51237416289185e-02
1.51139329081901e-02
1.51041194978533e-02
1.50943014086190e-02
1.50844786512021e-02
1.50746512363207e-02
1.50648191746962e-02
1.50549824770535e-02
1.50451411541210e-02
1.50352952166303e-02
1.50254446753164e-02
1.50155895409176e-02
1.50057298241756e-02
1.49958655358353e-02
1.49859966866451e-02
1.49761232873564e-02
1.49662453487240e-02
1.49563628815060e-02
1.49464758964635e-02
1.49365844043611e-02
1.49266884159664e-02
1.49167879420502e-02
1.49068829933866e-02
1.48969735807526e-02
1.48870597149286e-02
1.48771414066980e-02
1.48672186668472e-02
1.48572915061660e-02
1.48473599354468e-02
1.48374239654855e-02
1.48274836070808e-02
1.48175388710345e-02
1.48075897681514e-02
1.47976363092392e-02
1.47876785051088e-02
1.47777163665739e-02
1.47677499044511e-02
1.47577791295601e-02
1.47478040527234e-02
1.47378246847664e-02
1.47278410365174e-02
1.47178531188076e-02
1.47078609424711e-02
1.46978645183447e-02
1.46878638572681e-02
1.46778589700838e-02
1.46678498676372e-02
1.46578365607763e-02
1.46478190603519e-02
1.46377973772176e-02
1.46277715222298e-02
1.46177415062474e-02
1.46077073401321e-02
1.45976690347485e-02
1.45876266009636e-02
1.45775800496470e-02
1.45675293916712e-02
1.45574746379112e-02
1.45474157992445e-02
1.45373528865513e-02
1.45272859107143e-02
1.45172148826190e-02
1.45071398131531e-02
1.44970607132070e-02
1.44869775936737e-02
1.44768904654485e-02
1.44667993394292e-02
1.44567042265163e-02
1.44466051376125e-02
1.44365020836231e-02
1.44263950754556e-02
1.44162841240202e-02
1.44061692402292e-02
1.43960504349974e-02
1.43859277192421e-02
1.43758011038827e-02
1.43656705998410e-02
1.43555362180412e-02
1.43453979694097e-02
1.43352558648751e-02
1.43251099153686e-02
1.43149601318232e-02
1.43048065251744e-02
1.42946491063599e-02
1.42844878863196e-02
1.42743228759954e-02
1.42641540863316e-02
1.42539815282746e-02
1.42438052127728e-02
1.42336251507769e-02
1.42234413532396e-02
1.42132538311157e-02
1.42030625953622e-02
1.41928676569379e-02
1.41826690268039e-02
1.41724667159232e-02
1.41622607352609e-02
1.41520510957839e-02
1.41418378084613e-02
1.41316208842641e-02
1.41214003341652e-02
1.41111761691394e-02
1.41009484001636e-02
1.40907170382164e-02
1.40804820942784e-02
1.40702435793321e-02
1.40600015043617e-02
1.40497558803534e-02
1.40395067182952e-02
1.40292540291768e-02
1.40189978239897e-02
1.40087381137275e-02
1.39984749093850e-02
1.39882082219593e-02
1.39779380624488e-02
1.39676644418540e-02
1.39573873711767e-02
1.39471068614206e-02
1.39368229235912e-02
1.39265355686954e-02
1.39162448077419e-02
1.39059506517408e-02
1.38956531117042e-02
1.38853521986453e-02
1.38750479235794e-02
1.38647402975229e-02
1.38544293314940e-02
1.38441150365123e-02
1.38337974235991e-02
1.38234765037769e-02
1.38131522880700e-02
1.38028247875038e-02
1.37924940131056e-02
1.37821599759038e-02
1.37718226869283e-02
1.37614821572103e-02
1.37511383977827e-02
1.37407914196795e-02
1.37304412339360e-02
1.37200878515891e-02
1.37097312836769e-02
1.36993715412387e-02
1.36890086353153e-02
1.36786425769485e-02
1.36682733771817e-02
1.36579010470592e-02
1.36475255976269e-02
1.36371470399315e-02
1.36267653850213e-02
1.36163806439454e-02
1.36059928277545e-02
1.35956019475000e-02
1.35852080142347e-02
1.35748110390126e-02
1.35644110328885e-02
1.35540080069186e-02
1.35436019721600e-02
1.35331929396708e-02
1.35227809205103e-02
1.35123659257388e-02
1.35019479664175e-02
1.34915270536087e-02
1.34811031983756e-02
1.34706764117826e-02
1.34602467048946e-02
1.34498140887778e-02
1.34393785744992e-02
1.34289401731267e-02
1.34184988957292e-02
1.34080547533762e-02
1.33976077571383e-02
1.33871579180868e-02
1.33767052472940e-02
1.33662497558327e-02
1.33557914547768e-02
1.33453303552008e-02
1.33348664681801e-02
1.33243998047906e-02
1.33139303761093e-02
1.33034581932134e-02
1.32929832671814e-02
1.32825056090920e-02
1.32720252300248e-02
1.32615421410599e-02
1.32510563532783e-02
1.32405678777613e-02
1.32300767255911e-02
1.32195829078502e-02
1.32090864356218e-02
1.31985873199898e-02
1.31880855720385e-02
1.31775812028526e-02
1.31670742235176e-02
1.31565646451192e-02
1.31460524787439e-02
1.31355377354783e-02
1.31250204264098e-02
1.31145005626259e-02
1.31039781552148e-02
1.30934532152649e-02
1.30829257538651e-02
1.30723957821047e-02
1.30618633110732e-02
1.30513283518605e-02
1.30407909155570e-02
1.30302510132531e-02
1.30197086560397e-02
1.30091638550080e-02
1.29986166212492e-02
1.29880669658552e-02
1.29775148999176e-02
1.29669604345287e-02
1.29564035807806e-02
1.29458443497658e-02
1.29352827525769e-02
1.29247188003068e-02
1.29141525040482e-02
1.29035838748943e-02
1.28930129239381e-02
1.28824396622729e-02
1.28718641009920e-02
1.28612862511887e-02
1.28507061239565e-02
1.28401237303887e-02
1.28295390815787e-02
1.28189521886201e-02
1.28083630626061e-02
1.27977717146303e-02
1.27871781557858e-02
1.27765823971660e-02
1.27659844498640e-02
1.27553843249729e-02
1.27447820335856e-02
1.27341775867950e-02
1.27235709956938e-02
1.27129622713744e-02
1.27023514249293e-02
1.26917384674507e-02
1.26811234100303e-02
1.26705062637601e-02
1.26598870397314e-02
1.26492657490355e-02
1.26386424027634e-02
1.26280170120058e-02
1.26173895878531e-02
1.26067601413952e-02
1.25961286837221e-02
1.25854952259230e-02
1.25748597790870e-02
1.25642223543027e-02
1.25535829626585e-02
1.25429416152421e-02
1.25322983231410e-02
1.25216530974422e-02
1.25110059492323e-02
1.25003568895972e-02
1.24897059296225e-02
1.24790530803935e-02
1.24683983529945e-02
1.24577417585097e-02
1.24470833080225e-02
1.24364230126158e-02
1.24257608833720e-02
1.24150969313729e-02
1.24044311676995e-02
1.23937636034323e-02
1.23830942496514e-02
1.23724231174357e-02
1.23617502178640e-02
1.23510755620141e-02
1.23403991609631e-02
1.23297210257874e-02
1.23190411675628e-02
1.23083595973642e-02
1.22976763262658e-02
1.22869913653411e-02
1.22763047256626e-02
1.22656164183021e-02
1.22549264543307e-02
1.22442348448184e-02
1.22335416008346e-02
1.22228467334477e-02
1.22121502537251e-02
1.22014521727336e-02
1.21907525015389e-02
1.21800512512056e-02
1.21693484327976e-02
1.21586440573779e-02
1.21479381360081e-02
1.21372306797494e-02
1.21265216996614e-02
1.21158112068032e-02
1.21050992122324e-02
1.20943857270059e-02
1.20836707621792e-02
1.20729543288071e-02
1.20622364379430e-02
1.20515171006392e-02
1.20407963279471e-02
1.20300741309166e-02
1.20193505205968e-02
1.20086255080354e-02
1.19978991042789e-02
1.19871713203727e-02
1.19764421673609e-02
1.19657116562864e-02
1.19549797981908e-02
1.19442466041145e-02
1.19335120850965e-02
1.19227762521746e-02
1.19120391163852e-02
1.19013006887635e-02
1.18905609803433e-02
1.18798200021569e-02
1.18690777652354e-02
1.18583342806083e-02
1.18475895593041e-02
1.18368436123493e-02
1.18260964507695e-02
1.18153480855886e-02
1.18045985278288e-02
1.17938477885114e-02
1.17830958786556e-02
1.17723428092794e-02
1.17615885913993e-02
1.17508332360300e-02
1.17400767541850e-02
1.17293191568760e-02
1.17185604551130e-02
1.17078006599047e-02
1.16970397822579e-02
1.16862778331779e-02
1.16755148236684e-02
1.16647507647312e-02
1.16539856673667e-02
1.16432195425735e-02
1.16324524013484e-02
1.16216842546865e-02
1.16109151135812e-02
1.16001449890243e-02
1.15893738920055e-02
1.15786018335129e-02
1.15678288245328e-02
1.15570548760496e-02
1.15462799990460e-02
1.15355042045027e-02
1.15247275033987e-02
1.15139499067109e-02
1.15031714254145e-02
1.14923920704828e-02
1.14816118528869e-02
1.14708307835964e-02
1.14600488735785e-02
1.14492661337988e-02
1.14384825752207e-02
1.14276982088055e-02
1.14169130455129e-02
1.14061270963001e-02
1.13953403721226e-02
1.13845528839336e-02
1.13737646426844e-02
1.13629756593241e-02
1.13521859447997e-02
1.13413955100562e-02
1.13306043660363e-02
1.13198125236807e-02
1.13090199939278e-02
1.12982267877140e-02
1.12874329159732e-02
1.12766383896374e-02
1.12658432196362e-02
1.12550474168971e-02
1.12442509923451e-02
1.12334539569033e-02
1.12226563214921e-02
1.12118580970300e-02
1.12010592944328e-02
1.11902599246142e-02
1.11794599984856e-02
1.11686595269559e-02
1.11578585209318e-02
1.11470569913172e-02
1.11362549490142e-02
1.11254524049220e-02
1.11146493699375e-02
1.11038458549553e-02
1.10930418708674e-02
1.10822374285633e-02
1.10714325389300e-02
1.10606272128522e-02
1.10498214612117e-02
1.10390152948881e-02
1.10282087247584e-02
1.10174017616968e-02
1.10065944165752e-02
1.09957867002627e-02
1.09849786236258e-02
1.09741701975286e-02
1.09633614328323e-02
1.09525523403956e-02
1.09417429310744e-02
1.09309332157220e-02
1.09201232051889e-02
1.09093129103231e-02
1.08985023419697e-02
1.08876915109710e-02
1.08768804281667e-02
1.08660691043936e-02
1.08552575504858e-02
1.08444457772746e-02
1.08336337955883e-02
1.08228216162527e-02
1.08120092500903e-02
1.08011967079212e-02
1.07903840005624e-02
1.07795711388279e-02
1.07687581335290e-02
1.07579449954739e-02
1.07471317354681e-02
1.07363183643138e-02
1.07255048928107e-02
1.07146913317550e-02
1.07038776919403e-02
1.06930639841570e-02
1.06822502191925e-02
1.06714364078313e-02
1.06606225608546e-02
1.06498086890407e-02
1.06389948031648e-02
1.06281809139990e-02
1.06173670323122e-02
1.06065531688703e-02
1.05957393344360e-02
1.05849255397688e-02
1.05741117956251e-02
1.05632981127580e-02
1.05524845019176e-02
1.05416709738507e-02
1.05308575393007e-02
1.05200442090081e-02
1.05092309937097e-02
1.04984179041394e-02
1.04876049510278e-02
1.04767921451018e-02
1.04659794970855e-02
1.04551670176994e-02
1.04443547176606e-02
1.04335426076830e-02
1.04227306984770e-02
1.04119190007497e-02
1.04011075252048e-02
1.03902962825425e-02
1.03794852834596e-02
1.03686745386495e-02
1.03578640588021e-02
1.03470538546039e-02
1.03362439367377e-02
1.03254343158831e-02
1.03146250027160e-02
1.03038160079087e-02
1.02930073421300e-02
1.02821990160454e-02
1.02713910403164e-02
1.02605834256013e-02
1.02497761825544e-02
1.02389693218268e-02
1.02281628540656e-02
1.02173567899145e-02
1.02065511400135e-02
1.01957459149987e-02
1.01849411255029e-02
1.01741367821549e-02
1.01633328955798e-02
1.01525294763992e-02
1.01417265352306e-02
1.01309240826879e-02
1.01201221293815e-02
1.01093206859175e-02
1.00985197628986e-02
1.00877193709236e-02
1.00769195205872e-02
1.00661202224805e-02
1.00553214871908e-02
1.00445233253014e-02
1.00337257473917e-02
1.00229287640373e-02
1.00121323858097e-02
1.00013366232766e-02
9.99054148700180e-03
9.97974698754502e-03
9.96895313546209e-03
9.95815994130479e-03
9.94736741562096e-03
9.93657556895439e-03
9.92578441184483e-03
9.91499395482800e-03
9.90420420843557e-03
9.89341518319512e-03
9.88262688963015e-03
9.87183933826006e-03
9.86105253960015e-03
9.85026650416155e-03
9.83948124245129e-03
9.82869676497223e-03
9.81791308222305e-03
9.80713020469825e-03
9.79634814288813e-03
9.78556690727879e-03
9.77478650835209e-03
9.76400695658565e-03
9.75322826245283e-03
9.74245043642274e-03
9.73167348896020e-03
9.72089743052571e-03
9.71012227157551e-03
9.69934802256146e-03
9.68857469393113e-03
9.67780229612770e-03
9.66703083959000e-03
9.65626033475249e-03
9.64549079204522e-03
9.63472222189384e-03
9.62395463471959e-03
9.61318804093925e-03
9.60242245096517e-03
9.59165787520522e-03
9.58089432406282e-03
9.57013180793688e-03
9.55937033722181e-03
9.54860992230751e-03
9.53785057357933e-03
9.52709230141809e-03
9.51633511620005e-03
9.50557902829689e-03
9.49482404807572e-03
9.48407018589902e-03
9.47331745212468e-03
9.46256585710596e-03
9.45181541119148e-03
9.44106612472519e-03
9.43031800804639e-03
9.41957107148968e-03
9.40882532538498e-03
9.39808078005748e-03
9.38733744582767e-03
9.37659533301130e-03
9.36585445191935e-03
9.35511481285805e-03
9.34437642612885e-03
9.33363930202843e-03
9.32290345084862e-03
9.31216888287647e-03
9.30143560839418e-03
9.29070363767911e-03
9.27997298100377e-03
9.26924364863577e-03
9.25851565083786e-03
9.24778899786790e-03
9.23706369997880e-03
9.22633976741856e-03
9.21561721043026e-03
9.20489603925200e-03
9.19417626411692e-03
9.18345789525320e-03
9.17274094288398e-03
9.16202541722744e-03
9.15131132849673e-03
9.14059868689994e-03
9.12988750264014e-03
9.11917778591533e-03
9.10846954691843e-03
9.09776279583728e-03
9.08705754285462e-03
9.07635379814807e-03
9.06565157189014e-03
9.05495087424816e-03
9.04425171538436e-03
9.03355410545575e-03
9.02285805461419e-03
9.01216357300635e-03
9.00147067077368e-03
8.99077935805240e-03
8.98008964497353e-03
8.96940154166280e-03
8.95871505824072e-03
8.94803020482250e-03
8.93734699151807e-03
8.92666542843207e-03
8.91598552566381e-03
8.90530729330728e-03
8.89463074145114e-03
8.88395588017869e-03
8.87328271956788e-03
8.86261126969124e-03
8.85194154061596e-03
8.84127354240379e-03
8.83060728511108e-03
8.81994277878873e-03
8.80928003348222e-03
8.79861905923156e-03
8.78795986607130e-03
8.77730246403048e-03
8.76664686313267e-03
8.75599307339593e-03
8.74534110483278e-03
8.73469096745021e-03
8.72404267124969e-03
8.71339622622708e-03
8.70275164237270e-03
8.69210892967128e-03
8.68146809810195e-03
8.67082915763820e-03
8.66019211824793e-03
8.64955698989339e-03
8.63892378253116e-03
8.62829250611219e-03
8.61766317058171e-03
8.60703578587931e-03
8.59641036193882e-03
8.58578690868840e-03
8.57516543605047e-03
8.56454595394168e-03
8.55392847227296e-03
8.54331300094947e-03
8.53269954987057e-03
8.52208812892984e-03
8.51147874801505e-03
8.50087141700817e-03
8.49026614578530e-03
8.47966294421674e-03
8.46906182216690e-03
8.45846278949434e-03
8.44786585605172e-03
8.43727103168584e-03
8.42667832623755e-03
8.41608774954181e-03
8.40549931142763e-03
8.39491302171809e-03
8.38432889023030e-03
8.37374692677540e-03
8.36316714115856e-03
8.35258954317895e-03
8.34201414262971e-03
8.33144094929798e-03
8.32086997296488e-03
8.31030122340545e-03
8.29973471038870e-03
8.28917044367757e-03
8.27860843302888e-03
8.26804868819339e-03
8.25749121891574e-03
8.24693603493446e-03
8.23638314598192e-03
8.22583256178438e-03
8.21528429206191e-03
8.20473834652842e-03
8.19419473489164e-03
8.18365346685311e-03
8.17311455210815e-03
8.16257800034588e-03
8.15204382124915e-03
8.14151202449461e-03
8.13098261975261e-03
8.12045561668727e-03
8.10993102495640e-03
8.09940885421153e-03
8.08888911409788e-03
8.07837181425435e-03
8.06785696431351e-03
8.05734457390159e-03
8.04683465263846e-03
8.03632721013762e-03
8.02582225600620e-03
8.01531979984492e-03
8.00481985124812e-03
7.99432241980370e-03
7.98382751509315e-03
7.97333514669150e-03
7.96284532416735e-03
7.95235805708282e-03
7.94187335499356e-03
7.93139122744872e-03
7.92091168399095e-03
7.91043473415641e-03
7.89996038747470e-03
7.88948865346891e-03
7.87901954165556e-03
7.86855306154462e-03
7.85808922263949e-03
7.84762803443697e-03
7.83716950642728e-03
7.82671364809401e-03
7.81626046891415e-03
7.80580997835804e-03
7.79536218588939e-03
7.78491710096523e-03
7.77447473303593e-03
7.76403509154519e-03
7.75359818593001e-03
7.74316402562068e-03
7.73273262004078e-03
7.72230397860715e-03
7.71187811072991e-03
7.70145502581240e-03
7.69103473325123e-03
7.68061724243620e-03
7.67020256275034e-03
7.65979070356988e-03
7.64938167426424e-03
7.63897548419601e-03
7.62857214272094e-03
7.61817165918795e-03
7.60777404293910e-03
7.59737930330956e-03
7.58698744962763e-03
7.57659849121473e-03
7.56621243738536e-03
7.55582929744710e-03
7.54544908070062e-03
7.53507179643964e-03
7.52469745395091e-03
7.51432606251425e-03
7.50395763140248e-03
7.49359216988145e-03
7.48322968721000e-03
7.47287019263996e-03
7.46251369541615e-03
7.45216020477637e-03
7.44180972995134e-03
7.43146228016474e-03
7.42111786463320e-03
7.41077649256624e-03
7.40043817316632e-03
7.39010291562878e-03
7.37977072914186e-03
7.36944162288668e-03
7.35911560603720e-03
7.34879268776027e-03
7.33847287721553e-03
7.32815618355550e-03
7.31784261592550e-03
7.30753218346366e-03
7.29722489530089e-03
7.28692076056091e-03
7.27661978836020e-03
7.26632198780801e-03
7.25602736800633e-03
7.24573593804991e-03
7.23544770702620e-03
7.22516268401539e-03
7.21488087809038e-03
7.20460229831674e-03
7.19432695375275e-03
7.18405485344935e-03
7.17378600645015e-03
7.16352042179139e-03
7.15325810850197e-03
7.14299907560343e-03
7.13274333210989e-03
7.12249088702811e-03
7.11224174935742e-03
7.10199592808976e-03
7.09175343220962e-03
7.08151427069406e-03
7.07127845251269e-03
7.06104598662768e-03
7.05081688199370e-03
7.04059114755794e-03
7.03036879226012e-03
7.02014982503244e-03
7.00993425479958e-03
6.99972209047871e-03
6.98951334097945e-03
6.97930801520390e-03
6.96910612204655e-03
6.95890767039437e-03
6.94871266912672e-03
6.93852112711539e-03
6.92833305322455e-03
6.91814845631077e-03
6.90796734522299e-03
6.89778972880252e-03
6.88761561588302e-03
6.87744501529051e-03
6.86727793584332e-03
6.85711438635211e-03
6.84695437561986e-03
6.83679791244185e-03
6.82664500560565e-03
6.81649566389111e-03
6.80634989607035e-03
6.79620771090776e-03
6.78606911715995e-03
6.77593412357579e-03
6.76580273889637e-03
6.75567497185501e-03
6.74555083117721e-03
6.73543032558068e-03
6.72531346377531e-03
6.71520025446319e-03
6.70509070633854e-03
6.69498482808775e-03
6.68488262838935e-03
6.67478411591399e-03
6.66468929932446e-03
6.65459818727566e-03
6.64451078841458e-03
6.63442711138031e-03
6.62434716480402e-03
6.61427095730895e-03
6.60419849751040e-03
6.59412979401571e-03
6.58406485542426e-03
6.57400369032747e-03
6.56394630730878e-03
6.55389271494363e-03
6.54384292179945e-03
6.53379693643567e-03
6.52375476740370e-03
6.51371642324691e-03
6.50368191250063e-03
6.49365124369212e-03
6.48362442534061e-03
6.47360146595722e-03
6.46358237404502e-03
6.45356715809897e-03
6.44355582660592e-03
6.43354838804461e-03
6.42354485088565e-03
6.41354522359154e-03
6.40354951461660e-03
6.39355773240702e-03
6.38356988540081e-03
6.37358598202783e-03
6.36360603070974e-03
6.35363003985999e-03
6.34365801788385e-03
6.33368997317838e-03
6.32372591413238e-03
6.31376584912646e-03
6.30380978653295e-03
6.29385773471595e-03
6.28390970203129e-03
6.27396569682650e-03
6.26402572744087e-03
6.25408980220535e-03
6.24415792944263e-03
6.23423011746706e-03
6.22430637458469e-03
6.21438670909319e-03
6.20447112928195e-03
6.19455964343195e-03
6.18465225981586e-03
6.17474898669793e-03
6.16484983233407e-03
6.15495480497177e-03
6.14506391285013e-03
6.13517716419984e-03
6.12529456724317e-03
6.11541613019396e-03
6.10554186125761e-03
6.09567176863108e-03
6.08580586050285e-03
6.07594414505293e-03
6.06608663045289e-03
6.05623332486579e-03
6.04638423644618e-03
6.03653937334013e-03
6.02669874368517e-03
6.01686235561032e-03
6.00703021723606e-03
5.99720233667432e-03
5.98737872202849e-03
5.97755938139338e-03
5.96774432285525e-03
5.95793355449175e-03
5.94812708437196e-03
5.93832492055636e-03
5.92852707109679e-03
5.91873354403653e-03
5.90894434741017e-03
5.89915948924370e-03
5.88937897755446e-03
5.87960282035111e-03
5.86983102563366e-03
5.86006360139346e-03
5.85030055561316e-03
5.84054189626672e-03
5.83078763131940e-03
5.82103776872774e-03
5.81129231643956e-03
5.80155128239397e-03
5.79181467452129e-03
5.78208250074315e-03
5.77235476897240e-03
5.76263148711311e-03
5.75291266306060e-03
5.74319830470141e-03
5.73348841991324e-03
5.72378301656504e-03
5.71408210251694e-03
5.70438568562024e-03
5.69469377371740e-03
5.68500637464204e-03
5.67532349621895e-03
5.66564514626407e-03
5.65597133258445e-03
5.64630206297827e-03
5.63663734523486e-03
5.62697718713463e-03
5.61732159644909e-03
5.60767058094084e-03
5.59802414836358e-03
5.58838230646206e-03
5.57874506297211e-03
5.56911242562063e-03
5.55948440212552e-03
5.54986100019576e-03
5.54024222753135e-03
5.53062809182329e-03
5.52101860075364e-03
5.51141376199540e-03
5.50181358321262e-03
5.49221807206030e-03
5.48262723618444e-03
5.47304108322200e-03
5.46345962080090e-03
5.45388285654001e-03
5.44431079804917e-03
5.43474345292912e-03
5.42518082877153e-03
5.41562293315901e-03
5.40606977366509e-03
5.39652135785415e-03
5.38697769328151e-03
5.37743878749334e-03
5.36790464802672e-03
5.35837528240957e-03
5.34885069816066e-03
5.33933090278964e-03
5.32981590379696e-03
5.32030570867398e-03
5.31080032490279e-03
5.30129975995637e-03
5.29180402129846e-03
5.28231311638367e-03
5.27282705265732e-03
5.26334583755557e-03
5.25386947850531e-03
5.24439798292429e-03
5.23493135822091e-03
5.22546961179439e-03
5.21601275103466e-03
5.20656078332239e-03
5.19711371602900e-03
5.18767155651657e-03
5.17823431213792e-03
5.16880199023667e-03
5.15937459814698e-03
5.14995214319383e-03
5.14053463269282e-03
5.13112207395019e-03
5.12171447426282e-03
5.11231184091836e-03
5.10291418119505e-03
5.09352150236178e-03
5.08413381167794e-03
5.07475111639383e-03
5.06537342374953e-03